n	Session	location.seconds.Unix	location.millis	location.gpstime	location.lat	location.lon	location.alt	location.track	location.speed.M-S	location.acc	location.nsats
1	16655	1518257395	884	1518257396	41.23905363	-8.54161888	192	0	0	10	6
2	16655	1518257396	884	1518257397	41.23905087	-8.5416162	192.3	0	0	7	6
3	16655	1518257397	886	1518257398	41.23905167	-8.54161567	193.4	0	0	5	6
4	16655	1518257398	887	1518257399	41.23905405	-8.54161829	193.5	0	0	4	6
5	16655	1518257399	885	1518257400	41.23905525	-8.54161753	193.4	0	0	4	6
6	16655	1518257400	885	1518257401	41.23905447	-8.54161576	193.7	0	0	3	6
7	16655	1518257401	887	1518257402	41.23905474	-8.54161693	193.8	0	0	3	6
8	16655	1518257402	885	1518257403	41.23905589	-8.5416209	193.4	0	0	3	6
9	16655	1518257403	885	1518257404	41.23905691	-8.5416226	193.3	0	0	3	6
10	16655	1518257404	886	1518257405	41.23905682	-8.54162245	193.3	0	0	3	6
11	16655	1518257405	891	1518257406	41.23905678	-8.54162243	193.3	0	0	3	6
12	16655	1518257406	886	1518257407	41.23905671	-8.5416224	193.3	0	0	3	6
13	16655	1518257407	894	1518257408	41.23905668	-8.5416224	193.3	0	0	3	6
14	16655	1518257408	886	1518257409	41.23905665	-8.5416224	193.3	0	0	3	6
15	16655	1518257409	886	1518257410	41.23905667	-8.54162243	193.3	0	0	3	6
16	16655	1518257410	885	1518257411	41.23905669	-8.54162246	193.3	0	0	3	6
17	16655	1518257411	885	1518257412	41.23905667	-8.54162247	193.3	0	0	3	6
18	16655	1518257412	894	1518257413	41.23905667	-8.54162247	193.3	0	0	3	6
19	16655	1518257413	886	1518257414	41.23905665	-8.54162246	193.3	0	0	3	6
20	16655	1518257414	887	1518257415	41.23905667	-8.54162243	193.3	0	0	3	6
21	16655	1518257415	886	1518257416	41.23905664	-8.54162236	193.4	0	0	3	6
22	16655	1518257416	894	1518257417	41.23905662	-8.54162227	193.4	0	0	3	7
23	16655	1518257417	890	1518257418	41.23905652	-8.54162201	193.4	0	0	3	7
24	16655	1518257418	887	1518257419	41.2390568	-8.54162264	193.3	0	0	3	7
25	16655	1518257419	887	1518257420	41.23905679	-8.5416226	193.4	0	0	3	7
26	16655	1518257420	887	1518257421	41.23905691	-8.54162287	193.3	0	0	3	7
27	16655	1518257421	887	1518257422	41.23905689	-8.54162284	193.3	0	0	3	7
28	16655	1518257422	887	1518257423	41.23905707	-8.54162327	193.3	0	0	3	7
29	16655	1518257423	888	1518257424	41.23905728	-8.54162369	193.3	0	0	3	7
30	16655	1518257424	887	1518257425	41.23905729	-8.54162371	193.3	0	0	3	7
31	16655	1518257425	890	1518257426	41.23905748	-8.54162406	193.2	0	0	3	7
32	16655	1518257426	898	1518257427	41.23905752	-8.54162411	193.2	0	0	3	7
33	16655	1518257427	899	1518257428	41.23905739	-8.54162387	193.3	0	0	3	7
34	16655	1518257428	887	1518257429	41.23905752	-8.5416241	193.2	0	0	3	7
35	16655	1518257429	891	1518257430	41.23905761	-8.54162428	193.2	0	0	3	7
36	16655	1518257430	899	1518257431	41.23905763	-8.54162431	193.2	0	0	3	7
37	16655	1518257431	887	1518257432	41.23905771	-8.54162449	193.2	0	0	3	7
38	16655	1518257432	891	1518257433	41.23905775	-8.54162453	193.2	0	0	3	7
39	16655	1518257433	887	1518257434	41.23905776	-8.54162455	193.2	0	0	3	7
40	16655	1518257434	887	1518257435	41.2390578	-8.54162461	193.2	0	0	3	8
41	16655	1518257435	887	1518257436	41.23905781	-8.54162458	193.2	0	0	3	8
42	16655	1518257436	887	1518257437	41.23905788	-8.54162465	193.2	0	0	3	8
43	16655	1518257437	890	1518257438	41.2390579	-8.54162466	193.2	0	0	3	8
44	16655	1518257438	888	1518257439	41.23905793	-8.54162468	193.2	0	0	3	8
45	16655	1518257439	897	1518257440	41.23905792	-8.54162468	193.2	0	0	3	8
46	16655	1518257440	888	1518257441	41.23905792	-8.54162468	193.2	0	0	3	8
47	16655	1518257441	897	1518257442	41.23905802	-8.54162472	193.2	0	0	3	8
48	16655	1518257442	893	1518257443	41.23905806	-8.54162473	193.2	0	0	3	8
49	16655	1518257443	896	1518257444	41.23905815	-8.54162479	193.3	0	0	3	8
50	16655	1518257444	892	1518257445	41.23905815	-8.5416248	193.3	0	0	3	8
51	16655	1518257445	896	1518257446	41.23905818	-8.54162484	193.3	0	0	3	8
52	16655	1518257446	889	1518257447	41.23905821	-8.54162485	193.3	0	0	3	8
53	16655	1518257447	896	1518257448	41.2390583	-8.54162491	193.3	0	0	3	8
54	16655	1518257448	889	1518257449	41.23905833	-8.54162494	193.3	0	0	3	8
55	16655	1518257449	893	1518257450	41.23905834	-8.54162496	193.3	0	0	3	8
56	16655	1518257450	897	1518257451	41.23905837	-8.54162499	193.3	0	0	3	8
57	16655	1518257451	906	1518257452	41.23905841	-8.54162503	193.3	0	0	3	8
58	16655	1518257452	906	1518257453	41.23905841	-8.54162502	193.3	0	0	3	8
59	16655	1518257453	896	1518257454	41.23905843	-8.54162503	193.2	0	0	3	8
60	16655	1518257455	417	1518257455	41.23905845	-8.54162508	193.2	0	0	9	8
61	16655	1518257456	915	1518257457	41.23905843	-8.54162505	193.2	0	0	9	8
62	16655	1518257458	443	1518257458	41.23905844	-8.54162506	193.2	0	0	9	8
63	16655	1518257460	452	1518257460	41.23905846	-8.5416251	193.2	0	0	9	8
64	16655	1518257461	979	1518257462	41.2390585	-8.54162514	193.2	0	0	9	8
65	16655	1518257463	500	1518257463	41.23905853	-8.54162515	193.2	0	0	9	8
66	16655	1518257465	429	1518257465	41.23905854	-8.54162514	193.2	0	0	9	8
67	16655	1518257467	455	1518257467	41.23905857	-8.54162517	193.2	0	0	9	8
68	16655	1518257468	990	1518257469	41.23905862	-8.54162522	193.2	0	0	9	8
69	16655	1518257470	526	1518257470	41.23905862	-8.5416252	193.2	0	0	9	8
70	16655	1518257472	472	1518257472	41.23905864	-8.54162523	193.2	0	0	9	8
71	16655	1518257474	443	1518257474	41.23905138	-8.54162977	193.4	205.2	1.5	9	8
72	16655	1518257476	450	1518257476	41.23900303	-8.54165873	193	207.8	3.25	9	8
73	16655	1518257477	959	1518257478	41.23892273	-8.54171089	193.6	205.4	5	9	8
74	16655	1518257479	482	1518257479	41.2388743	-8.54174079	192.8	205.8	5.75	9	8
75	16655	1518257481	434	1518257481	41.23877652	-8.54180295	192.5	205	6.25	9	8
76	16655	1518257483	459	1518257483	41.23867974	-8.54186578	192	208.8	5.5	9	8
77	16655	1518257484	995	1518257485	41.23863971	-8.54191807	193.4	223.9	2.75	9	8
78	16655	1518257486	522	1518257486	41.23863066	-8.54193372	193.6	228.9	1.75	9	8
79	16655	1518257487	930	1518257488	41.23861649	-8.54198756	192.6	244.1	2.25	10	7
80	16655	1518257488	899	1518257489	41.2386173	-8.54202996	192.4	260.6	3	10	7
81	16655	1518257489	904	1518257490	41.23861553	-8.54209682	193.6	267	4.25	10	7
82	16655	1518257490	901	1518257491	41.23864971	-8.54220651	191	283.9	6.75	9	7
83	16655	1518257491	899	1518257492	41.23866871	-8.54229507	191.3	285.9	7.25	9	7
84	16655	1518257492	899	1518257493	41.23868423	-8.54238424	190.5	285.4	7.25	9	7
85	16655	1518257493	899	1518257494	41.23869995	-8.5424562	190.3	286.6	6.75	9	7
86	16655	1518257494	901	1518257495	41.23871499	-8.5425158	190.4	287.4	6	10	7
87	16655	1518257495	903	1518257496	41.23872648	-8.54256247	189	294.7	4.25	9	7
88	16655	1518257496	897	1518257497	41.23873986	-8.54258594	189.3	303.4	2.75	9	7
89	16655	1518257497	905	1518257498	41.23874542	-8.54259718	188.8	299.5	1.25	9	7
90	16655	1518257498	891	1518257499	41.23874746	-8.54260216	189.1	299.5	0.75	9	7
91	16655	1518257499	912	1518257500	41.23874892	-8.54260749	189	299.5	0.25	9	7
92	16655	1518257500	905	1518257501	41.23874691	-8.54261231	189.5	299.5	0.25	9	7
93	16655	1518257501	908	1518257502	41.23874712	-8.54261509	190.3	299.5	0.5	10	7
94	16655	1518257502	899	1518257503	41.23875025	-8.54261868	189.9	299.5	0.5	9	7
95	16655	1518257503	894	1518257504	41.23874824	-8.54262056	190.4	299.5	0.25	9	7
96	16655	1518257504	901	1518257505	41.23874606	-8.5426203	190.4	0	0	9	7
97	16655	1518257505	916	1518257506	41.23874539	-8.54262139	190.3	0	0	9	7
98	16655	1518257506	908	1518257507	41.23874518	-8.54262783	190.2	267.6	1	9	7
99	16655	1518257508	429	1518257508	41.2387429	-8.54265586	190.7	261.4	1.75	10	7
100	16655	1518257509	977	1518257510	41.23870601	-8.54272539	189.5	235.6	3	4	8
101	16655	1518257511	500	1518257511	41.23860805	-8.54278143	188.3	206.6	7	3	8
102	16655	1518257513	429	1518257513	41.23846994	-8.54286733	188	204	8.75	4	8
103	16655	1518257515	446	1518257515	41.23830016	-8.54298096	187.8	205.2	11.25	4	8
104	16655	1518257517	7	1518257517	41.23810255	-8.54312293	187.1	204.5	12.5	3	8
105	16655	1518257518	524	1518257518	41.2379921	-8.54318624	186.9	204.6	13.25	4	8
106	16655	1518257519	901	1518257520	41.23775695	-8.54334031	185.4	206.2	15	4	8
107	16655	1518257520	906	1518257521	41.23761925	-8.54342145	185.1	204	15.5	3	8
108	16655	1518257522	431	1518257522	41.23749322	-8.54350355	183.7	204.8	15.75	3	8
109	16655	1518257524	465	1518257524	41.23725899	-8.54365169	182.5	205	13.75	3	9
110	16655	1518257526	458	1518257526	41.2370533	-8.54378535	182.3	205.5	13	3	9
111	16655	1518257527	923	1518257528	41.23684775	-8.54391716	181.7	205.1	12.5	3	10
112	16655	1518257529	458	1518257529	41.23674076	-8.54398295	181.2	204.9	13	4	10
113	16655	1518257531	457	1518257531	41.23653981	-8.54410861	180.1	204.7	12.25	3	10
114	16655	1518257533	2	1518257533	41.23638496	-8.54421199	178.9	208.9	9	3	10
115	16655	1518257534	537	1518257534	41.23633256	-8.54427738	178.9	221.6	7.75	3	10
116	16655	1518257536	482	1518257536	41.23628365	-8.54442544	177.7	254.8	6.75	4	10
117	16655	1518257538	459	1518257538	41.23629735	-8.5445826	177.5	280.3	6.75	4	10
118	16655	1518257540	459	1518257540	41.23633315	-8.54475484	176.9	283.7	7.75	3	10
119	16655	1518257541	972	1518257542	41.23637371	-8.54492987	178	289.7	8.25	4	10
120	16655	1518257543	512	1518257543	41.23639667	-8.5450257	177.2	289.4	8.5	3	10
121	16655	1518257545	437	1518257545	41.23643339	-8.5452269	176.8	285.6	9	3	9
122	16655	1518257547	455	1518257547	41.23648007	-8.54541732	176.9	285.8	8.5	3	10
123	16655	1518257549	6	1518257549	41.2365126	-8.54559928	177.5	279.1	8	3	10
124	16655	1518257550	535	1518257550	41.23652446	-8.54570235	177.2	279.7	8.25	3	10
125	16655	1518257552	480	1518257552	41.23656247	-8.54591416	178.3	286.2	9.25	4	10
126	16655	1518257554	439	1518257554	41.23661259	-8.54613744	179.5	287.2	10	4	9
127	16655	1518257556	464	1518257556	41.23667494	-8.54638261	180.8	287.3	11.25	4	9
128	16655	1518257557	976	1518257558	41.23674352	-8.54665485	182	288	12	3	8
129	16655	1518257559	509	1518257559	41.23677433	-8.54678896	182.1	288.9	12	4	8
