n	Session	location.seconds.Unix	location.millis	location.gpstime	location.lat	location.lon	location.alt	location.track	location.speed.M-S	location.acc	location.nsats
1	14636	1479040794	948	1479040802	41.22935031	-8.55434503	156.1	209.3	0.25	24	8
2	14636	1479040795	911	1479040802	41.22938266	-8.55429435	154.6	209.3	0.75	14	7
3	14636	1479040797	203	1479040804	41.22935991	-8.55436169	156.4	209.3	0.75	13	1
4	14636	1479040798	193	1479040805	41.22933782	-8.5543496	155.7			18	6
5	14636	1479040799	906	1479040807	41.22929273	-8.55439261	155.2			12	7
6	14636	1479040800	913	1479040808	41.22929024	-8.55438195	155.2			11	7
7	14636	1479040801	905	1479040809	41.22928884	-8.55436001	155.5			11	7
8	14636	1479040802	917	1479040810	41.22930239	-8.55434867	155.7			11	7
9	14636	1479040803	905	1479040811	41.22929799	-8.55434917	155.8			10	7
10	14636	1479040805	429	1479040812	41.22930601	-8.55433506	156.2			10	7
11	14636	1479040806	939	1479040814	41.22931673	-8.55433028	156.6			10	7
12	14636	1479040808	461	1479040815	41.22932015	-8.55432978	156.7			10	7
13	14636	1479040810	484	1479040817	41.22931737	-8.55432603	156.7			10	7
14	14636	1479040812	469	1479040819	41.22931778	-8.55432567	156.7			9	7
15	14636	1479040814	532	1479040821	41.22931965	-8.55431901	156.5			10	7
16	14636	1479040815	922	1479040823	41.22932034	-8.55431525	156.3			10	7
17	14636	1479040817	445	1479040824	41.22932032	-8.55431478	156.3			10	7
18	14636	1479040819	482	1479040826	41.22932031	-8.55431394	156.3			10	7
19	14636	1479040820	47	1479040827	41.2293195	-8.5543051	155.7			9	-1
20	14636	1479040821	56	1479040828	41.22931837	-8.55428978	154.8			10	7
21	14636	1479040822	517	1479040829	41.22931834	-8.55428841	154.8			10	7
22	14636	1479040824	474	1479040831	41.22924739	-8.55427804	154.6	174.5	4	10	8
23	14636	1479040826	458	1479040833	41.22913133	-8.55422008	148.2	175.9	5.5	11	8
24	14636	1479040828	470	1479040835	41.22901661	-8.55419505	146.5	179.2	6	10	8
25	14636	1479040829	47	1479040836	41.2289508	-8.5542076	147.5	179	5.25	10	-1
26	14636	1479040830	5	1479040837	41.22890082	-8.554205	146.3	179.6	5	10	8
27	14636	1479040831	505	1479040838	41.22887323	-8.55420495	147	178.6	4	10	8
28	14636	1479040833	444	1479040840	41.22880788	-8.55419083	145.4	175.9	3.5	10	8
29	14636	1479040835	473	1479040842	41.22871816	-8.5541869	144.9	175.7	4.25	10	8
30	14636	1479040837	550	1479040844	41.22861064	-8.55417736	144	176.3	5.5	10	8
31	14636	1479040838	980	1479040846	41.22848623	-8.55416025	143.3	175.5	7.5	10	8
32	14636	1479040840	517	1479040847	41.22841533	-8.55414749	142.5	175.7	8	10	8
33	14636	1479040842	477	1479040849	41.2282343	-8.55413862	144	176.4	9.5	10	8
34	14636	1479040844	478	1479040851	41.22802007	-8.55413629	141.1	176.5	11	10	8
35	14636	1479040845	951	1479040853	41.2277994	-8.55411542	139.3	176.5	11.75	10	8
36	14636	1479040847	470	1479040854	41.22769162	-8.55410029	139	176.2	11.75	10	8
37	14636	1479040849	434	1479040856	41.22747272	-8.55408446	138.1	175.5	12.25	10	9
38	14636	1479040851	472	1479040858	41.227251	-8.55406024	136.7	175.5	12.75	10	9
39	14636	1479040852	7	1479040859	41.2271337	-8.5540531	137	176	13.75	10	-1
40	14636	1479040853	2	1479040860	41.2270037	-8.55403987	137.1	176.8	14.25	10	8
41	14636	1479040854	520	1479040861	41.22687657	-8.55403104	136.7	177.1	14.25	10	8
42	14636	1479040856	451	1479040863	41.2266207	-8.55400738	136.6	176.8	14.25	10	8
43	14636	1479040858	461	1479040865	41.22636624	-8.55399511	134.4	178	14.25	10	8
44	14636	1479040860	460	1479040867	41.22611077	-8.55399668	133.3	180.1	13.75	11	8
45	14636	1479040861	959	1479040869	41.22587562	-8.55401146	132.6	182.1	13.25	12	8
46	14636	1479040863	474	1479040870	41.22576756	-8.55405513	132.2	186.3	13	13	9
47	14636	1479040865	430	1479040872	41.2255733	-8.55415995	132.2	194	12.25	14	9
48	14636	1479040867	462	1479040874	41.22535343	-8.5542086	132	192.9	12	15	9
49	14636	1479040868	996	1479040876	41.22513164	-8.55436715	132	199.4	12.25	15	9
50	14636	1479040869	20	1479040876	41.2251316	-8.5543671	132	199	12.25	15	-1
51	14636	1479040870	498	1479040877	41.22504238	-8.55460805	132	211.1	13	14	9
52	14636	1479040872	461	1479040879	41.22482715	-8.55484566	132	215.7	13.25	14	10
53	14636	1479040874	455	1479040881	41.22467978	-8.5550296	132	218	12.75	14	10
54	14636	1479040875	917	1479040883	41.22452553	-8.55535843	131.9	223.5	13.5	14	9
55	14636	1479040877	53	1479040884	41.22444973	-8.55545881	137.3	222.6	13.25	14	9
56	14636	1479040879	477	1479040886	41.22420017	-8.55575693	134.3	222.5	14.75	14	9
57	14636	1479040881	537	1479040888	41.22394808	-8.55607583	133.3	222	16.75	12	9
58	14636	1479040882	19	1479040889	41.2238421	-8.5561853	133	220	16.75	12	-1
59	14636	1479040883	502	1479040890	41.22371291	-8.55627456	132.6	216.7	16.5	12	10
60	14636	1479040884	910	1479040892	41.22347143	-8.55643038	132.4	213	15.75	12	10
61	14636	1479040886	31	1479040893	41.22338309	-8.55652098	132.5	213.1	15.5	13	10
62	14636	1479040888	442	1479040895	41.22315176	-8.55655058	132.5	204	14.5	13	10
63	14636	1479040889	24	1479040896	41.2230276	-8.5565689	132.4	201	14.25	13	-1
64	14636	1479040890	465	1479040897	41.2229107	-8.55662574	132.4	201.6	14	13	10
65	14636	1479040891	41	1479040898	41.2227633	-8.5567204	132.6	202	15	13	-1
66	14636	1479040892	43	1479040899	41.22263912	-8.5568308	133.2	204.3	15.25	13	10
67	14636	1479040893	501	1479040900	41.22249789	-8.55693427	133.3	205.8	15.25	13	10
68	14636	1479040895	465	1479040902	41.22226085	-8.5569906	132.4	203.5	14.5	12	9
69	14636	1479040897	482	1479040904	41.22208732	-8.55713616	132.7	208.3	12.5	13	10
70	14636	1479040899	459	1479040906	41.22196524	-8.5573511	132.2	219.3	11.5	13	10
71	14636	1479040900	972	1479040908	41.22186518	-8.55768834	132.4	230	12.5	12	9
72	14636	1479040901	913	1479040909	41.22180152	-8.55782138	132.2	231	12.75	12	9
73	14636	1479040902	922	1479040910	41.22170497	-8.55794934	132	229.4	13.25	12	9
74	14636	1479040903	907	1479040911	41.22162095	-8.55813658	131.9	230.8	14.25	12	8
75	14636	1479040904	941	1479040912	41.22153227	-8.5582787	131.8	230	14.5	12	9
76	14636	1479040906	469	1479040913	41.2214359	-8.55836479	131.5	226.6	14.25	12	9
77	14636	1479040908	3	1479040915	41.22124645	-8.55872404	132.2	228	15.5	14	9
78	14636	1479040909	510	1479040916	41.22113467	-8.55877573	132.4	223.7	15	14	9
79	14636	1479040911	465	1479040918	41.22094592	-8.5588087	132.6	215	13	15	9
80	14636	1479040913	458	1479040920	41.2206392	-8.55889833	132.4	207.1	14	15	9
81	14636	1479040914	23	1479040921	41.2205341	-8.5588106	131.6	199	13	15	-1
82	14636	1479040915	523	1479040922	41.2204741	-8.55876025	131.2	196	11	14	10
83	14636	1479040916	948	1479040924	41.22032321	-8.5588784	131.2	201.1	10.5	14	10
84	14636	1479040918	477	1479040925	41.22021578	-8.55896263	130.9	202	11	14	10
85	14636	1479040920	451	1479040927	41.22003615	-8.5588161	130.2	173.3	10.75	13	10
86	14636	1479040922	471	1479040929	41.21987361	-8.55877852	130.4	169.5	9.75	13	10
87	14636	1479040923	999	1479040931	41.21979706	-8.55882314	132.7	181.5	7.75	11	10
88	14636	1479040924	31	1479040931	41.2197971	-8.5588231	132.7	181	7.75	11	-1
89	14636	1479040925	533	1479040932	41.21973036	-8.55882542	133.6	180.2	8	10	10
90	14636	1479040927	436	1479040934	41.219591	-8.55881266	133.7	180.5	8.5	11	10
91	14636	1479040929	470	1479040936	41.21946188	-8.55881415	132.8	181.5	8.25	12	10
92	14636	1479040931	555	1479040938	41.21933435	-8.55878144	132.6	175.3	8.5	12	10
93	14636	1479040932	964	1479040940	41.21915233	-8.55880066	133	177.4	9	13	10
94	14636	1479040934	545	1479040941	41.21908336	-8.55877103	132.3	174.5	9	13	9
95	14636	1479040936	461	1479040943	41.21886818	-8.55886603	133	183.2	9.75	14	9
96	14636	1479040938	482	1479040945	41.21866129	-8.55885314	135.5	180.6	10.25	14	9
97	14636	1479040939	931	1479040947	41.21848282	-8.55880932	136.3	178.6	9.75	11	9
98	14636	1479040940	920	1479040948	41.21838126	-8.55883071	136	179.2	9.75	11	9
99	14636	1479040941	947	1479040949	41.21827974	-8.55885387	134.5	180.1	9.75	12	9
100	14636	1479040943	498	1479040950	41.21820396	-8.55883126	134.6	181.2	10.5	12	8
101	14636	1479040945	476	1479040952	41.21801203	-8.55884238	136	180.3	11.5	11	8
102	14636	1479040947	482	1479040954	41.21778544	-8.55887524	138.6	180.1	11.75	11	8
103	14636	1479040948	36	1479040955	41.2176645	-8.5588845	139.4	178	11.75	11	-1
104	14636	1479040949	11	1479040956	41.21755654	-8.55888404	139.7	180.7	11.5	11	8
105	14636	1479040950	466	1479040957	41.21743873	-8.5588979	140.9	180.8	11.75	11	8
106	14636	1479040952	440	1479040959	41.21723431	-8.55886774	141.2	180.1	12	10	8
107	14636	1479040953	20	1479040960	41.2171186	-8.558864	141.1	180	11.75	11	-1
108	14636	1479040954	470	1479040961	41.21701245	-8.55887858	142	182.5	11.5	11	8
109	14636	1479040955	7	1479040962	41.21691	-8.5588771	142.3	183	11.5	11	-1
110	14636	1479040956	12	1479040963	41.21680981	-8.55888521	143	183.3	11.5	11	8
111	14636	1479040957	526	1479040964	41.21670298	-8.55890634	143	188	11.75	11	8
112	14636	1479040959	438	1479040966	41.21650048	-8.55893829	143.2	189.9	12	11	8
113	14636	1479040961	480	1479040968	41.21631037	-8.55897241	142.8	189.9	11.5	12	8
114	14636	1479040963	495	1479040970	41.21611138	-8.55906937	143.2	194.7	11.75	13	8
115	14636	1479040964	951	1479040972	41.21595812	-8.55919053	144.9	200.4	11	13	8
116	14636	1479040966	540	1479040973	41.21585497	-8.55928153	145.5	203.8	11.25	14	8
117	14636	1479040967	963	1479040975	41.21574599	-8.55941258	146.2	209.5	9.25	14	8
118	14636	1479040968	927	1479040976	41.21568237	-8.55948452	139.6	212.6	9	14	8
119	14636	1479040969	918	1479040977	41.21563527	-8.55954189	141.4	218	8.5	15	8
120	14636	1479040971	13	1479040978	41.21560677	-8.55962924	143.2	224.4	8	15	8
121	14636	1479040971	934	1479040979	41.21557139	-8.55969464	143.8	227.4	7.75	16	8
122	14636	1479040973	460	1479040980	41.21553954	-8.55980521	144.8	233.9	8	16	8
123	14636	1479040975	461	1479040982	41.21542136	-8.56005051	146.4	229.3	9.25	14	8
124	14636	1479040976	958	1479040984	41.2153083	-8.56023961	147.1	228.3	9.75	14	8
125	14636	1479040978	485	1479040985	41.21523614	-8.56025826	147.3	223.6	9.5	14	8
126	14636	1479040980	468	1479040987	41.21510726	-8.56032401	147.5	219.9	8.75	13	8
127	14636	1479040982	479	1479040989	41.21503374	-8.56013955	149.8	209.5	5.5	13	8
128	14636	1479040983	17	1479040990	41.2150207	-8.5601191	150.6	212	3	12	-1
129	14636	1479040984	15	1479040991	41.21500483	-8.56012028	150.5	214.3	2.5	12	9
130	14636	1479040985	29	1479040992	41.21499853	-8.56017658	150.5	235.4	2	12	9
131	14636	1479040985	936	1479040993	41.2149834	-8.5601525	150.8	225.1	1.25	13	9
132	14636	1479040987	466	1479040994	41.21495535	-8.56014798	150.3	211.6	1.25	13	9
133	14636	1479040989	502	1479040996	41.21496067	-8.56010812	150.7	211.6	0.25	13	9
134	14636	1479040991	465	1479040998	41.21494693	-8.56004882	150.9			11	9
135	14636	1479040992	103	1479040999	41.2149487	-8.5600502	151			11	-1
136	14636	1479041023	420	1479041030	41.21368493	-8.56215401	155.3	244	13	14	11
137	14636	1479041024	932	1479041032	41.21355759	-8.56238043	155.6	240.6	12.5	15	11
138	14636	1479041025	963	1479041033	41.21351344	-8.56252031	155.6	240.7	12.5	15	11
139	14636	1479041027	484	1479041034	41.21344192	-8.56271933	156.4	239.7	13.25	15	11
140	14636	1479041028	16	1479041035	41.2134242	-8.5628941	156.4	243	13.25	15	-1
141	14636	1479041029	25	1479041036	41.21339574	-8.56311669	156.7	247.1	13.75	15	11
142	14636	1479041030	531	1479041037	41.21329467	-8.56321562	156.3	241.7	13.75	15	11
143	14636	1479041031	931	1479041039	41.21316798	-8.56355596	157.2	242.3	14.25	14	11
144	14636	1479041032	928	1479041040	41.21312128	-8.56367127	157.2	242.7	13.25	13	10
145	14636	1479041033	932	1479041041	41.2130761	-8.56382474	157.4	243.2	13.25	13	10
146	14636	1479041035	482	1479041042	41.21301063	-8.56377214	157.8	230.1	10.75	12	10
147	14636	1479041036	23	1479041043	41.2129115	-8.5638951	157.8	228	11.5	12	-1
148	14636	1479041037	498	1479041044	41.21286464	-8.56404467	157.8	236	11.75	13	10
149	14636	1479041039	469	1479041046	41.2126816	-8.56424148	159.3	226.6	12.75	13	10
150	14636	1479041041	445	1479041048	41.21249601	-8.56441442	161.8	220	13	13	10
151	14636	1479041042	25	1479041049	41.2124275	-8.564405	161.7	214	11.75	14	-1
152	14636	1479041043	530	1479041050	41.21230637	-8.56448652	162	212.5	12.5	14	10
153	14636	1479041044	948	1479041052	41.21205509	-8.56464129	162.6	210.1	13.5	13	10
154	14636	1479041046	468	1479041053	41.2119552	-8.56466976	163.4	209.8	13.5	12	10
155	14636	1479041048	453	1479041055	41.21178512	-8.5648388	164.7	211.2	13.25	11	10
156	14636	1479041050	538	1479041057	41.21157591	-8.56500819	166.3	208.8	13	11	10
157	14636	1479041051	92	1479041058	41.2114768	-8.5650751	167.6	210	13	11	-1
158	14636	1479041052	2	1479041059	41.21137264	-8.56516284	168.6	210.9	12.75	11	10
159	14636	1479041053	515	1479041060	41.21127504	-8.56527317	168.9	214.4	13.25	10	10
160	14636	1479041055	484	1479041062	41.21107964	-8.56543715	169.3	212.5	13.25	10	10
161	14636	1479041057	484	1479041064	41.21087554	-8.56561515	170.1	212.6	12.75	11	10
162	14636	1479041059	482	1479041066	41.21067845	-8.56576648	171.7	210.8	12.75	10	10
163	14636	1479041060	984	1479041068	41.21047965	-8.56589681	174.4	210.5	12.75	11	9
164	14636	1479041061	22	1479041068	41.2104797	-8.5658968	174.4	210	12.75	11	-1
165	14636	1479041062	483	1479041069	41.21037897	-8.56597873	174.4	211.4	13	11	9
166	14636	1479041064	458	1479041071	41.21016197	-8.56617507	175.4	213	13.75	10	9
167	14636	1479041066	481	1479041073	41.20994305	-8.56634452	176.9	211.3	14.25	11	9
168	14636	1479041067	991	1479041075	41.20971485	-8.56652749	178.2	211.4	14.5	11	9
169	14636	1479041069	507	1479041076	41.20960875	-8.56663367	177.8	213.1	14.5	10	9
170	14636	1479041071	478	1479041078	41.20940091	-8.56681026	177.7	214.2	13.75	10	9
171	14636	1479041073	474	1479041080	41.20922048	-8.56696538	179.1	215.1	12	10	9
172	14636	1479041074	7	1479041081	41.209145	-8.5670415	177.9	213	11	11	-1
173	14636	1479041075	532	1479041082	41.20905764	-8.56710522	177.9	212.3	11	11	9
174	14636	1479041076	942	1479041084	41.20889131	-8.56719557	178.2	208	10.75	12	9
175	14636	1479041078	51	1479041085	41.2087942	-8.56725755	178.3	207.2	11	13	9
176	14636	1479041080	446	1479041087	41.20864175	-8.56730828	178.7	204	10	13	9
177	14636	1479041081	46	1479041088	41.2085617	-8.5673139	177.8	201	9.5	13	-1
178	14636	1479041082	492	1479041089	41.20846867	-8.56717154	177.8	180.2	9.5	11	9
179	14636	1479041083	27	1479041090	41.208388	-8.5671229	178.7	179	9.25	11	-1
180	14636	1479041084	23	1479041091	41.2083044	-8.5671247	178.3	180.1	9.25	12	8
181	14636	1479041085	511	1479041092	41.20821163	-8.56715768	178.9	183.4	9	11	8
182	14636	1479041087	468	1479041094	41.20804967	-8.56722169	181.5	182.3	8.75	11	8
183	14636	1479041089	472	1479041096	41.20789699	-8.5672373	182.9	183	8	11	9
184	14636	1479041091	482	1479041098	41.20773846	-8.56722064	182.1	181	8	11	9
185	14636	1479041092	938	1479041100	41.20759351	-8.56721971	182.7	179.9	7.75	11	9
186	14636	1479041093	939	1479041101	41.20751768	-8.56723506	182.8	180.5	8	12	9
187	14636	1479041094	938	1479041102	41.20745681	-8.56723907	183	180	7.5	13	9
188	14636	1479041095	924	1479041103	41.20741698	-8.56723397	182.9	179.2	6.5	13	9
189	14636	1479041096	940	1479041104	41.20738065	-8.56724909	183.3	182	5.75	14	9
190	14636	1479041098	547	1479041105	41.20735701	-8.56724332	183	184.2	4.5	15	9
191	14636	1479041100	469	1479041107	41.20730862	-8.56724186	182.8	186.7	3.25	15	9
192	14636	1479041101	979	1479041109	41.20733332	-8.56729503	183.5	201.5	2	14	9
193	14636	1479041103	508	1479041110	41.20733212	-8.56725574	184.7	186.3	1.75	14	9
194	14636	1479041105	458	1479041112	41.20733961	-8.56723935	185.9			11	9
195	14636	1479041107	588	1479041114	41.20734548	-8.56723009	186.1			10	9
196	14636	1479041108	7	1479041115	41.2073613	-8.5672161	186.2			10	-1
197	14636	1479041109	515	1479041116	41.20736509	-8.56720837	186.5			10	9
198	14636	1479041110	988	1479041118	41.207375	-8.56719711	186.4			11	9
199	14636	1479041111	30	1479041118	41.207375	-8.5671971	186.4			11	-1
200	14636	1479041112	499	1479041119	41.20737884	-8.56718863	186.1			11	9
201	14636	1479041114	451	1479041121	41.20739446	-8.56718736	186.1			11	9
202	14636	1479041116	489	1479041123	41.20739538	-8.56718576	185.9			11	9
203	14636	1479041117	39	1479041124	41.2073956	-8.5671854	185.8			11	-1
204	14636	1479041118	26	1479041125	41.20739553	-8.56718542	185.8			11	8
205	14636	1479041119	509	1479041126	41.2073956	-8.56718534	185.8			11	8
206	14636	1479041121	461	1479041128	41.20739558	-8.56718535	185.8			11	8
207	14636	1479041123	485	1479041130	41.20739556	-8.56718534	185.8			10	8
208	14636	1479041125	494	1479041132	41.20739558	-8.56718523	185.8			10	8
209	14636	1479041126	969	1479041134	41.20739557	-8.56718518	185.8			10	8
210	14636	1479041127	1	1479041134	41.2073956	-8.5671852	185.8			10	-1
211	14636	1479041128	473	1479041135	41.20739558	-8.56718509	185.8			10	8
212	14636	1479041130	477	1479041137	41.20739564	-8.56718507	185.8			10	8
213	14636	1479041132	485	1479041139	41.20739569	-8.56718503	185.8			10	7
214	14636	1479041133	987	1479041141	41.20739577	-8.56718494	185.8			9	7
215	14636	1479041135	491	1479041142	41.20739575	-8.56718488	185.8			9	7
216	14636	1479041137	476	1479041144	41.20739572	-8.56718497	185.8			9	7
217	14636	1479041139	471	1479041146	41.20739587	-8.56718489	185.8			10	7
218	14636	1479041140	66	1479041147	41.2073958	-8.5671849	185.8			9	-1
219	14636	1479041141	12	1479041148	41.20739581	-8.56718497	185.9			10	7
220	14636	1479041142	61	1479041149	41.2073958	-8.56718492	185.9			10	7
221	14636	1479041144	119	1479041151	41.20739579	-8.56718504	185.9			9	7
222	14636	1479041146	450	1479041153	41.20739582	-8.56718509	185.9			9	7
223	14636	1479041147	6	1479041154	41.2073958	-8.5671851	185.9			9	-1
224	14636	1479041148	478	1479041155	41.20739585	-8.56718496	185.9			10	7
225	14636	1479041149	998	1479041157	41.20739582	-8.56718504	185.9			10	7
226	14636	1479041150	35	1479041157	41.2073958	-8.567185	185.9			10	-1
227	14636	1479041151	496	1479041158	41.20739583	-8.56718503	185.9			10	7
228	14636	1479041153	457	1479041160	41.20739581	-8.56718501	185.9			9	7
229	14636	1479041154	11	1479041161	41.2073958	-8.567185	185.9			10	-1
230	14636	1479041155	501	1479041162	41.20739579	-8.56718498	185.9			10	7
231	14636	1479041156		1479041163	41.2073958	-8.567185	185.9			10	-1
232	14636	1479041157	514	1479041164	41.20739572	-8.56718506	185.9			10	7
233	14636	1479041158	971	1479041166	41.20739575	-8.56718507	185.9			10	7
234	14636	1479041159	9	1479041166	41.2073958	-8.5671851	185.9			10	-1
235	14636	1479041160	481	1479041167	41.20739579	-8.56718506	185.9			10	7
236	14636	1479041162	487	1479041169	41.20739583	-8.56718504	185.9			10	7
237	14636	1479041164	474	1479041171	41.20739575	-8.56718507	185.9			10	7
238	14636	1479041165	22	1479041172	41.2073957	-8.5671851	185.9			10	-1
239	14636	1479041166	59	1479041173	41.20739563	-8.56718515	185.9			11	8
240	14636	1479041167	511	1479041174	41.20737291	-8.56718569	185.9	181	4.25	11	8
241	14636	1479041169	462	1479041176	41.20721075	-8.56719042	185.3	175	5.25	11	8
242	14636	1479041171	467	1479041178	41.20710894	-8.56715005	184.2	175.8	5.25	12	8
243	14636	1479041172	23	1479041179	41.2070593	-8.5671481	183.4	176	5.5	13	-1
244	14636	1479041173	21	1479041180	41.20698457	-8.56714181	184	176.1	5.75	13	8
245	14636	1479041173	940	1479041181	41.20693086	-8.56715026	184	180	5.75	14	8
246	14636	1479041174	933	1479041182	41.2068903	-8.56714918	184	179.5	5.5	14	8
247	14636	1479041176	453	1479041183	41.20681109	-8.56713753	184.2	179.4	6	14	8
248	14636	1479041177	14	1479041184	41.2067828	-8.5671698	184.3	189	4.75	12	-1
249	14636	1479041178	502	1479041185	41.20673222	-8.56720833	184.3	191.1	5.5	12	8
250	14636	1479041180	495	1479041187	41.20658268	-8.56725732	184.2	195.3	6.5	13	8
251	14636	1479041182	481	1479041189	41.20644663	-8.56731383	184.3	195	7	14	8
252	14636	1479041183	955	1479041191	41.20626885	-8.56741297	185.4	197.3	8.25	14	8
253	14636	1479041184	940	1479041192	41.20611358	-8.56749595	186	201.7	10.75	13	8
254	14636	1479041185	945	1479041193	41.20601959	-8.56755157	185.7	210.7	10.25	12	8
255	14636	1479041186	945	1479041194	41.20593486	-8.56763166	185.2	210.9	10.25	12	8
256	14636	1479041187	944	1479041195	41.20586033	-8.56768824	183.9	212	10	13	8
257	14636	1479041189	27	1479041196	41.20579116	-8.56777181	184.1	215.2	10	13	8
258	14636	1479041189	931	1479041197	41.2057272	-8.56783728	183.9	215.9	9.75	14	8
259	14636	1479041190	945	1479041198	41.20568471	-8.5678861	184.1	216.4	9.25	14	8
260	14636	1479041191	945	1479041199	41.20560153	-8.56795649	184	215.1	9.5	15	8
261	14636	1479041192	952	1479041200	41.20551791	-8.56800487	183.9	212.3	9.5	16	8
262	14636	1479041194	8	1479041201	41.20543815	-8.56806621	183.5	213.9	9.5	16	8
263	14636	1479041194	937	1479041202	41.20538751	-8.56817798	183.8	219.3	9.5	16	8
264	14636	1479041195	989	1479041203	41.20531171	-8.56819126	183.4	218.4	9	17	8
265	14636	1479041196	937	1479041204	41.20524294	-8.56833152	183.5	224.8	9.5	16	8
266	14636	1479041197	944	1479041205	41.20515626	-8.56845613	183.2	227.1	10	15	8
267	14636	1479041198	961	1479041206	41.20505482	-8.56857174	183.4	226.6	10.5	16	8
268	14636	1479041199	937	1479041207	41.20499906	-8.56862057	183.4	225.6	10.25	16	8
269	14636	1479041200	949	1479041208	41.20492343	-8.56869169	183.5	224	10	15	8
270	14636	1479041201	947	1479041209	41.20485759	-8.56879898	183.2	224.7	10.25	15	8
271	14636	1479041202	939	1479041210	41.20484596	-8.56885685	183.2	227	9.5	15	8
272	14636	1479041203	938	1479041211	41.20484564	-8.56883579	183.5	226.2	8	16	8
273	14636	1479041204	938	1479041212	41.20486059	-8.56887126	183.2	228.7	7.25	16	8
274	14636	1479041205	937	1479041213	41.204832	-8.56889893	183.4	227.5	6.75	16	8
275	14636	1479041206	989	1479041214	41.20477755	-8.56898519	183.4	227.2	7.25	16	8
276	14636	1479041207	946	1479041215	41.20472265	-8.5690192	183.1	224.4	7	17	8
277	14636	1479041208	939	1479041216	41.20470457	-8.56905251	182.8	224.4	6.75	16	9
278	14636	1479041209	942	1479041217	41.20465978	-8.56911116	182.8	224	6.75	16	9
279	14636	1479041210	941	1479041218	41.20464199	-8.56923654	183.5	229.2	7.25	16	9
280	14636	1479041211	944	1479041219	41.20458702	-8.56934936	183.7	229.1	7.75	16	9
281	14636	1479041212	937	1479041220	41.20455967	-8.56945629	183.7	230.8	8	15	9
282	14636	1479041213	940	1479041221	41.20452532	-8.5694977	184.8	230	7.5	13	9
283	14636	1479041214	939	1479041222	41.20451278	-8.56951974	184.7	230.8	6.75	13	9
284	14636	1479041215	946	1479041223	41.20447833	-8.56957026	184.4	231.1	6.5	13	9
285	14636	1479041216	958	1479041224	41.20440658	-8.56963877	184.9	228.3	7	13	8
286	14636	1479041217	950	1479041225	41.20437336	-8.56974195	184	232.3	7.25	13	9
287	14636	1479041218	948	1479041226	41.20438371	-8.56981539	183.5	238.6	6.5	13	9
288	14636	1479041220	6	1479041227	41.20432734	-8.56988809	183.7	234.5	6.75	13	9
289	14636	1479041220	952	1479041228	41.20425698	-8.5699179	183.5	227.3	6.75	13	9
290	14636	1479041221	966	1479041229	41.20423075	-8.56991975	183.7	224.6	6	13	9
291	14636	1479041222	957	1479041230	41.2042037	-8.56994492	183.5	223.6	5.5	13	9
292	14636	1479041223	939	1479041231	41.20416819	-8.56994788	183.6	220	5	13	9
293	14636	1479041224	967	1479041232	41.20421469	-8.56995512	184.4	228.4	3.5	13	9
294	14636	1479041225	938	1479041233	41.20418077	-8.56997834	184.2	224.7	3.5	13	9
295	14636	1479041226	957	1479041234	41.20420595	-8.57002669	184	238.5	3	13	9
296	14636	1479041227	941	1479041235	41.20421837	-8.57005059	184	244.9	2.75	13	9
297	14636	1479041228	932	1479041236	41.20420526	-8.57000108	184.2	224.8	1.75	13	9
298	14636	1479041229	932	1479041237	41.20421657	-8.57000507	184.2	227.9	1.25	13	9
299	14636	1479041230	938	1479041238	41.20423181	-8.57004132	185	257.2	1.25	13	8
300	14636	1479041231	951	1479041239	41.20422828	-8.57002591	184.9	248.4	1	13	8
301	14636	1479041232	939	1479041240	41.20421719	-8.57000633	184.5	248.4	0.75	13	8
302	14636	1479041233	944	1479041241	41.20420858	-8.56999136	184.4	248.4	0.75	13	8
303	14636	1479041234	941	1479041242	41.20419652	-8.5699777	184	157.7	0.75	13	8
304	14636	1479041236	460	1479041243	41.20419056	-8.56997026	184.8	160.2	0.75	13	8
305	14636	1479041237	31	1479041244	41.2041842	-8.5699532	184.5	143	0.75	12	-1
306	14636	1479041238	551	1479041245	41.20417492	-8.56993602	183.2	133.9	1	12	7
307	14636	1479041240	479	1479041247	41.20416118	-8.56992761	181.8	148.5	0.75	12	7
308	14636	1479041242	485	1479041249	41.20414255	-8.56992099	180.3	166.4	0.75	12	7
309	14636	1479041243	3	1479041250	41.20414	-8.569906	180.4	136	0.75	12	-1
310	14636	1479041244	492	1479041251	41.20414651	-8.5698923	180.2	111.3	0.75	12	7
311	14636	1479041245	97	1479041252	41.2041511	-8.5698927	179.5	101	0.75	12	-1
312	14636	1479041246	7	1479041253	41.20414462	-8.56989615	179.6	101.2	0.75	12	7
313	14636	1479041247	530	1479041254	41.20413848	-8.56989635	178.8	101.2	0.75	12	7
314	14636	1479041249	491	1479041256	41.20414582	-8.56989236	177.8	101.2	0.75	12	8
315	14636	1479041251	497	1479041258	41.20416463	-8.56992735	177.8	101.2	0.5	11	8
316	14636	1479041252	79	1479041259	41.2041707	-8.5699469	176.9	101	0.5	10	-1
317	14636	1479041253	30	1479041260	41.2041761	-8.56995895	177.6	101.2	0.25	10	8
318	14636	1479041254	566	1479041261	41.20418142	-8.56997598	177.8			10	8
319	14636	1479041256	479	1479041263	41.20418665	-8.56998465	178.1			10	8
320	14636	1479041257	17	1479041264	41.2041889	-8.5699897	178.1			10	-1
321	14636	1479041258	474	1479041265	41.20418973	-8.56999539	178			10	8
322	14636	1479041260	485	1479041267	41.2041863	-8.57001458	177.5			11	8
323	14636	1479041261	94	1479041268	41.2041842	-8.5700213	177.1			11	-1
324	14636	1479041262	31	1479041269	41.2041807	-8.57002955	176.7			12	8
325	14636	1479041263	531	1479041270	41.2041727	-8.57004739	176.6	239	1.5	12	9
326	14636	1479041265	480	1479041272	41.204102	-8.57016436	176.5	231.8	3.25	14	9
327	14636	1479041266	33	1479041273	41.2039507	-8.5704021	176.8	230	6.25	15	-1
328	14636	1479041267	498	1479041274	41.20384079	-8.57050557	177	226.2	7.5	15	9
329	14636	1479041269	515	1479041276	41.20359089	-8.57079046	176.6	222.8	10.5	16	9
330	14636	1479041270	950	1479041278	41.20335553	-8.57123508	176	230	13.75	15	9
331	14636	1479041272	499	1479041279	41.20329316	-8.57139009	177.8	230.8	13.75	15	9
332	14636	1479041274	479	1479041281	41.20312836	-8.57172913	176	232.2	14.5	14	9
333	14636	1479041276	493	1479041283	41.20291423	-8.57190524	176.1	225.6	14	15	8
334	14636	1479041278	37	1479041285	41.20271342	-8.57208622	182.3	221.2	13.75	15	8
335	14636	1479041279	36	1479041286	41.20260894	-8.57219985	180.9	220.6	14	15	8
336	14636	1479041279	957	1479041287	41.20253665	-8.5723038	180	221.8	13.75	16	8
337	14636	1479041281	530	1479041288	41.2024664	-8.57234565	179.3	220.1	13	16	8
338	14636	1479041283	517	1479041290	41.20231768	-8.5725018	178.5	219.6	12.25	15	8
339	14636	1479041284	1	1479041291	41.2022459	-8.5726	178.6	220	12.25	15	-1
340	14636	1479041285	505	1479041292	41.2021377	-8.57274779	178.5	221.2	12.75	15	8
341	14636	1479041286	69	1479041293	41.2020882	-8.5729104	179.4	225	12.75	15	-1
342	14636	1479041287	46	1479041294	41.20199537	-8.5729017	179.2	219.9	12	14	9
343	14636	1479041288	509	1479041295	41.20189243	-8.57300134	180.1	219.2	12.5	14	9
344	14636	1479041290	486	1479041297	41.20180049	-8.57307475	180.5	217.5	10.75	14	9
345	14636	1479041291	17	1479041298	41.2017504	-8.5732017	181.1	221	10.75	14	-1
346	14636	1479041292	519	1479041299	41.20169775	-8.57330902	181.5	224	10.75	14	9
347	14636	1479041293	74	1479041300	41.2015926	-8.5733576	181.6	219	10.75	14	-1
348	14636	1479041323	974	1479041331	41.19893254	-8.57572851	186.7	201.8	11.25	13	9
349	14636	1479041324	948	1479041332	41.19883808	-8.5757629	184.3	201.7	11	13	9
350	14636	1479041325	948	1479041333	41.19873856	-8.57576764	185.4	200.1	10.5	11	9
351	14636	1479041327	507	1479041334	41.19865603	-8.5757801	186.2	200.5	10.25	12	9
352	14636	1479041328	93	1479041335	41.1985833	-8.575828	186.8	203	9.75	12	-1
353	14636	1479041329	61	1479041336	41.19852566	-8.5758874	187	208.5	9	13	9
354	14636	1479041330	577	1479041337	41.19848263	-8.57594097	187.3	212.2	8.25	13	9
355	14636	1479041332	481	1479041339	41.19841841	-8.57594123	188.9	208.1	6.75	14	9
356	14636	1479041334	493	1479041341	41.19845131	-8.57588204	188.2	197.6	3.5	13	9
357	14636	1479041335	1	1479041342	41.1984397	-8.5758735	188.3	194	3.25	13	-1
358	14636	1479041336	567	1479041343	41.19840298	-8.57589288	189.4	194.2	3.75	14	9
359	14636	1479041337	114	1479041344	41.1983382	-8.5759043	189.8	190	4.25	14	-1
360	14636	1479041338	29	1479041345	41.19834243	-8.5758902	190.6	187.1	3.75	14	10
361	14636	1479041339	484	1479041346	41.19838405	-8.57585796	191.2	179.7	2.75	15	10
362	14636	1479041341	490	1479041348	41.19816294	-8.57595081	191.2	193	6.75	15	9
363	14636	1479041342	10	1479041349	41.1981243	-8.5759792	191.6	194	7	16	-1
364	14636	1479041343	502	1479041350	41.19806131	-8.57598548	191.7	193.2	7.25	16	9
365	14636	1479041344	993	1479041352	41.19784872	-8.57582107	193.2	178.7	8.5	15	9
366	14636	1479041346	507	1479041353	41.19779129	-8.57591728	194.6	186	8.25	14	9
367	14636	1479041348	473	1479041355	41.1975867	-8.57593089	195	185.5	9	15	9
368	14636	1479041350	515	1479041357	41.19737069	-8.57603244	194.6	191.8	9.75	12	9
369	14636	1479041351	46	1479041358	41.1972566	-8.5760493	195.8	191	9.75	12	-1
370	14636	1479041352	26	1479041359	41.19715562	-8.57613966	195.4	194.1	10	13	9
371	14636	1479041353	546	1479041360	41.19706239	-8.57615984	195.7	193.7	10	13	9
372	14636	1479041355	504	1479041362	41.1969123	-8.57626326	195.8	197.7	9.5	13	9
373	14636	1479041357	504	1479041364	41.19675113	-8.57631094	196.1	195.6	10	12	9
374	14636	1479041359	550	1479041366	41.19655698	-8.57629805	196.9	191.3	10.25	14	9
375	14636	1479041360	134	1479041367	41.1964749	-8.5763249	196.3	192	10	13	-1
376	14636	1479041361	6	1479041368	41.19640327	-8.57640489	197.1	197.2	10	13	9
377	14636	1479041362	556	1479041369	41.19631299	-8.57647606	196.3	200.2	10	13	9
378	14636	1479041364	554	1479041371	41.196041	-8.57663084	196	201.9	11.5	13	9
379	14636	1479041366	504	1479041373	41.19585989	-8.57675898	195.1	204	11.5	14	9
380	14636	1479041367	73	1479041374	41.1958208	-8.5767973	195.1	206	10	13	-1
381	14636	1479041368	31	1479041375	41.19576878	-8.57687973	194.9	212.2	9.5	11	8
382	14636	1479041369	546	1479041376	41.19568877	-8.57689176	193.7	210.6	9.5	12	8
383	14636	1479041371	491	1479041378	41.19550793	-8.57692065	194.7	206.8	9.5	13	8
384	14636	1479041372	14	1479041379	41.1954489	-8.5769075	195.8	204	8.75	14	-1
385	14636	1479041373	510	1479041380	41.19538218	-8.57699777	196.2	208.1	9	14	8
386	14636	1479041374	50	1479041381	41.1953267	-8.5769854	195.8	204	8.25	14	-1
387	14636	1479041375	526	1479041382	41.19524674	-8.57704921	195.9	205.4	8.5	14	8
388	14636	1479041377	50	1479041384	41.19528778	-8.57699379	196.1	209.6	3.75	14	8
389	14636	1479041378	529	1479041385	41.19524667	-8.57699482	195.2	206	3.75	15	8
390	14636	1479041380	484	1479041387	41.19526462	-8.5769859	195.7	207.1	1.5	15	8
391	14636	1479041382	495	1479041389	41.19523567	-8.57701365	195.2	206.9	1.75	16	8
392	14636	1479041384	528	1479041391	41.19514219	-8.57714411	196.2	210.2	3.75	18	8
393	14636	1479041385	953	1479041393	41.19504114	-8.57737804	196.2	219.6	5.25	18	8
394	14636	1479041386	965	1479041394	41.19498889	-8.57740953	196	216.7	5.5	20	8
395	14636	1479041387	998	1479041395	41.19498842	-8.57741878	196.1	221.7	4.5	22	8
396	14636	1479041388	958	1479041396	41.1949752	-8.57746732	196.3	227.3	4.25	22	8
397	14636	1479041389	953	1479041397	41.19496144	-8.57749937	196.3	231	4	25	8
398	14636	1479041390	952	1479041398	41.19494039	-8.57754281	196.3	233.9	4	25	8
399	14636	1479041391	960	1479041399	41.19493655	-8.57758794	196.4	238.5	4	28	8
400	14636	1479041392	972	1479041400	41.19491811	-8.57735053	196.3	192.7	2	19	8
401	14636	1479041393	965	1479041401	41.19488158	-8.57722919	198.1	181.9	2.5	15	8
402	14636	1479041394	952	1479041402	41.19486465	-8.57725001	196.5	111.4	3.25	13	8
403	14636	1479041395	952	1479041403	41.19485095	-8.57718949	194.9	107.6	5.5	12	8
404	14636	1479041396	960	1479041404	41.19484731	-8.5770901	194.8	109	6.75	12	8
405	14636	1479041397	971	1479041405	41.19483772	-8.57703982	195.5	110.6	7	12	8
406	14636	1479041398	970	1479041406	41.19478666	-8.57695968	194.6	119.5	9.5	11	8
407	14636	1479041399	954	1479041407	41.19473438	-8.57685634	195.7	120.4	10.25	11	8
408	14636	1479041400	953	1479041408	41.19469782	-8.57676658	195.8	117.5	9.75	11	8
409	14636	1479041401	961	1479041409	41.19467588	-8.57667281	196.7	122.2	9.25	11	9
410	14636	1479041403	39	1479041410	41.19464733	-8.57659817	197.1	123.6	7.25	11	9
411	14636	1479041403	967	1479041411	41.19461513	-8.57655139	197.7	139.1	5	11	9
412	14636	1479041404	953	1479041412	41.19456644	-8.57654626	197.8	167.3	5.25	11	9
413	14636	1479041405	958	1479041413	41.19453343	-8.57653551	196.8	168.1	5.25	11	9
414	14636	1479041406	980	1479041414	41.19449012	-8.57652353	197	168.7	5	12	9
415	14636	1479041407	974	1479041415	41.19442248	-8.57652203	196.6	173.1	5.5	12	9
416	14636	1479041408	955	1479041416	41.19437937	-8.57654686	196.3	180.9	5.75	13	9
417	14636	1479041409	978	1479041417	41.19433497	-8.57660306	196.8	191.7	5.75	13	9
418	14636	1479041410	997	1479041418	41.19429835	-8.57669705	197.3	204.6	6.25	14	9
419	14636	1479041411	962	1479041419	41.1942544	-8.57675566	197.7	208.6	6.25	15	9
420	14636	1479041412	973	1479041420	41.19420845	-8.5767893	197.5	208.9	6.25	16	9
421	14636	1479041413	963	1479041421	41.19416027	-8.57689326	197.6	215.5	6.75	16	9
422	14636	1479041414	954	1479041422	41.19408477	-8.57694266	197.3	214.4	7.25	17	9
423	14636	1479041415	962	1479041423	41.19403902	-8.57720003	196.7	227.2	9	17	9
424	14636	1479041416	962	1479041424	41.19401408	-8.57748766	195.2	235.8	10.5	15	10
425	14636	1479041417	988	1479041425	41.19395151	-8.57756618	195.4	234.1	10.25	15	10
426	14636	1479041418	27	1479041425	41.1939515	-8.5775662	195.4	234	10.25	15	-1
427	14636	1479041419	55	1479041426	41.19391595	-8.57764043	195.4	234.7	9.75	15	10
428	14636	1479041419	972	1479041427	41.19387999	-8.57770377	194.9	236	9	14	10
429	14636	1479041420	7	1479041427	41.19388	-8.5777038	194.9	236	9	14	-1
430	14636	1479041421	40	1479041428	41.19383756	-8.57772881	195.8	233.5	8.25	14	10
431	14636	1479041421	958	1479041429	41.19383878	-8.5776645	196.4	234.8	5.75	14	10
432	14636	1479041422	981	1479041430	41.19389783	-8.57764325	197.4	255.7	3.5	14	10
433	14636	1479041423	4	1479041430	41.1938978	-8.5776432	197.4	255	3.5	14	-1
434	14636	1479041424	492	1479041431	41.19390028	-8.57765605	198.2	264.4	2.75	13	10
435	14636	1479041425	19	1479041432	41.1939011	-8.5776177	199.6	276	1	11	-1
436	14636	1479041426	61	1479041433	41.19388611	-8.57761791	198.7	279.3	0.75	11	9
