gpstime	latitude	longitude	altitude	speed	heading	hpdop	vdop	pdop
1518263739.00	41.239102550	-8.541654050	138.8	0.051	209.00	12.4	?	?
1518263740.00	41.239104483	-8.541651067	139.0	0.051	245.80	1.5	?	?
1518263741.00	41.239107350	-8.541645067	141.3	0.206	239.50	17.7	?	?
1518263742.00	41.239106000	-8.541648300	140.9	0.257	242.70	17.8	?	?
1518263743.00	41.239107117	-8.541647150	140.2	0.051	280.90	12.8	?	?
1518263744.00	41.239109233	-8.541635567	139.0	0.257	74.10	12.8	?	?
1518263745.00	41.239111467	-8.541625350	138.3	0.412	65.80	17.7	?	?
1518263746.00	41.239111417	-8.541618100	137.0	0.514	72.50	56.7	?	?
1518263747.00	41.239109967	-8.541604517	136.3	0.669	87.30	17.9	?	?
1518263748.00	41.239103367	-8.541597717	135.6	0.720	110.10	21.5	?	?
1518263749.00	41.239094567	-8.541592933	135.1	0.772	132.10	21.5	?	?
1518263750.00	41.239086750	-8.541586767	134.9	0.926	141.10	21.4	?	?
1518263751.00	41.239081117	-8.541578900	134.8	0.977	142.40	21.4	?	?
1518263752.00	41.239077967	-8.541568950	134.9	0.977	136.80	19.7	?	?
1518263753.00	41.239074917	-8.541559167	135.0	0.926	132.80	19.7	?	?
1518263754.00	41.239074067	-8.541546583	135.0	0.926	125.40	19.7	?	?
1518263798.00	41.239075050	-8.541526967	135.1	?	?	19.7	?	?
1518263799.00	41.239089067	-8.541724050	142.2	0.000	85.80	3.5	?	?
1518263800.00	41.239091317	-8.541718450	142.2	1.080	61.90	3.5	?	?
1518263801.00	41.239093650	-8.541713900	142.2	0.977	252.70	3.5	?	?
1518263802.00	41.239093917	-8.541710933	142.2	1.595	242.00	3.5	?	?
1518263803.00	41.238972500	-8.542098617	142.2	2.212	71.00	21.9	?	?
1518263804.00	41.238937967	-8.542201500	142.2	0.360	129.10	21.9	?	?
1518263805.00	41.238916033	-8.542249317	142.2	10.032	242.70	21.9	?	?
1518263806.00	41.238912550	-8.542234667	142.2	0.875	143.40	21.9	?	?
1518263807.00	41.238930733	-8.542154783	142.2	5.813	75.50	22.0	?	?
1518263808.00	41.238910617	-8.542187717	142.2	3.190	86.20	22.0	?	?
1518263809.00	41.238884217	-8.542232400	142.2	1.801	138.20	22.0	?	?
1518263810.00	41.238843833	-8.542315467	142.2	14.713	74.80	22.0	?	?
1518263811.00	41.238843150	-8.542271050	142.2	10.855	237.50	22.1	?	?
1518263812.00	41.238787067	-8.542373617	142.2	7.768	227.20	22.1	?	?
1518263813.00	41.238746267	-8.542376333	142.2	3.704	117.70	22.2	?	?
1518263814.00	41.238691050	-8.542463017	142.2	6.842	218.90	22.2	?	?
1518263815.00	41.238633767	-8.542538733	142.2	4.681	196.60	22.2	?	?
1518263816.00	41.238797617	-8.541896950	143.1	5.916	206.40	3.2	?	?
1518263817.00	41.238742883	-8.541947267	143.1	5.916	203.60	3.2	?	?
1518263818.00	41.238689350	-8.541995800	143.3	6.276	210.30	3.2	?	?
1518263819.00	41.238639150	-8.542044417	143.5	5.607	212.70	3.2	?	?
1518263820.00	41.238612750	-8.542054900	142.8	4.013	219.40	3.2	?	?
1518263821.00	41.238582883	-8.542107650	143.3	2.058	222.40	3.2	?	?
1518263822.00	41.238578317	-8.542112000	142.7	3.447	238.70	3.2	?	?
1518263823.00	41.238562150	-8.542075183	142.5	2.418	266.90	3.2	?	?
1518263824.00	41.238584067	-8.542045167	142.7	2.932	8.60	3.2	?	?
1518263825.00	41.238611733	-8.542010033	142.8	4.064	9.80	3.2	?	?
1518263826.00	41.238645417	-8.542019933	142.9	4.373	7.60	3.2	?	?
1518263827.00	41.238895883	-8.542077450	227.4	62.351	60.10	2.6	?	?
1518263828.00	41.238938483	-8.541634300	341.1	44.757	60.70	13.1	?	?
1518263829.00	41.239105867	-8.541230517	467.9	43.728	60.60	13.1	?	?
1518263830.00	41.238938067	-8.541865717	315.4	14.456	47.20	4.4	1.0	4.5
1518263831.00	41.238960367	-8.542189783	284.6	14.199	323.70	4.4	1.0	4.5
1518263832.00	41.239113367	-8.542218150	307.3	16.256	334.60	4.4	1.0	4.5
1518263833.00	41.239313500	-8.542229983	320.4	19.240	348.90	4.4	1.0	4.5
1518263834.00	41.239554250	-8.542242033	327.7	23.047	352.60	4.4	1.0	4.5
1518263835.00	41.239799300	-8.542272367	331.9	25.671	352.90	4.4	1.0	4.5
1518263836.00	41.240043317	-8.542313533	335.5	27.420	351.80	4.4	1.0	4.5
1518263837.00	41.240296000	-8.542356450	339.5	28.500	351.50	4.4	1.0	4.5
1518263838.00	41.240140750	-8.542290433	336.0	22.790	349.10	10.2	?	?
1518263839.00	41.240214583	-8.542316150	336.4	21.195	344.30	10.2	?	?
1518263840.00	41.240385833	-8.542384833	337.0	20.629	341.10	19.4	1.0	19.4
1518263841.00	41.240518733	-8.542446317	338.0	18.623	341.80	4.4	1.0	4.5
1518263842.00	41.240486350	-8.542484867	339.1	15.125	338.70	4.3	?	?
1518263843.00	41.240192483	-8.542517500	339.8	9.363	318.80	4.3	?	?
1518263844.00	41.238727983	-8.542330900	324.0	11.163	209.60	2.2	?	?
1518263851.00	41.238612033	-8.542406883	325.9	?	?	2.6	?	?
1518263852.00	41.237869767	-8.542891467	337.3	14.867	206.30	23.2	?	?
1518263853.00	41.237741517	-8.542984233	337.9	15.639	207.80	23.2	?	?
1518263854.00	41.237615833	-8.543073483	339.0	15.896	208.50	23.3	?	?
1518263855.00	41.237475733	-8.543161850	337.8	16.154	209.10	23.3	?	?
1518263856.00	41.237328650	-8.543247700	334.8	15.948	208.80	23.3	?	?
1518263857.00	41.237194867	-8.543335500	334.2	15.845	208.20	23.3	?	?
1518263858.00	41.237068217	-8.543421617	334.6	15.588	207.70	23.4	?	?
1518263859.00	41.236942467	-8.543507167	334.5	15.485	207.70	23.4	?	?
1518263860.00	41.236820800	-8.543588450	333.9	15.125	207.90	23.4	?	?
1518263861.00	41.236706300	-8.543665433	333.4	14.199	208.00	23.5	?	?
1518263862.00	41.236601567	-8.543739433	333.5	12.964	209.30	23.5	?	?
1518263863.00	41.236518200	-8.543816200	333.9	11.061	218.50	23.5	?	?
1518263864.00	41.236466450	-8.543888367	332.8	9.003	234.70	23.6	?	?
1518263865.00	41.236436467	-8.543991867	333.7	9.003	255.30	23.6	?	?
1518263866.00	41.236436183	-8.544109433	331.9	10.700	271.50	23.6	?	?
1518263867.00	41.236472050	-8.544187017	327.8	10.803	287.60	2.6	?	?
1518263868.00	41.236309350	-8.544752483	123.3	10.495	280.90	1.3	?	?
1518263869.00	41.236321867	-8.544869033	124.2	10.958	283.80	1.3	?	?
1518263870.00	41.236346933	-8.544997200	124.2	11.421	286.10	1.3	?	?
1518263871.00	41.236380217	-8.545135433	124.0	12.089	287.60	2.0	?	?
1518263872.00	41.236415683	-8.545279367	124.2	12.655	288.00	2.0	?	?
1518263873.00	41.236451833	-8.545426750	124.5	13.118	288.00	2.0	?	?
1518263874.00	41.236489433	-8.545577933	124.8	13.478	288.30	2.0	?	?
1518263875.00	41.236529583	-8.545732000	125.3	13.787	289.00	2.0	?	?
1518263876.00	41.236564050	-8.545886467	126.1	13.787	287.60	2.0	?	?
1518263877.00	41.236599383	-8.546044417	126.9	13.941	286.00	2.0	?	?
1518263878.00	41.236634133	-8.546204567	127.5	13.993	285.00	2.0	?	?
1518263879.00	41.236669717	-8.546363117	127.7	13.839	285.60	4.1	?	?
1518263880.00	41.236706450	-8.546521767	127.7	13.787	286.40	4.1	?	?
1518263881.00	41.236748667	-8.546676917	127.9	13.633	288.60	4.1	?	?
1518263882.00	41.236784650	-8.546821667	128.7	12.964	289.20	4.1	?	?
1518263883.00	41.236842400	-8.546962133	128.5	12.758	296.40	4.1	?	?
1518263884.00	41.236918100	-8.547083083	128.5	12.604	311.00	1.4	?	?
1518263885.00	41.237001983	-8.547177417	128.5	12.398	325.50	4.1	?	?
1518263886.00	41.237106667	-8.547245617	131.6	12.810	338.90	1.6	?	?
1518263887.00	41.237221900	-8.547288833	132.4	13.324	348.70	2.1	?	?
1518263888.00	41.237357500	-8.547322217	133.1	14.250	352.50	1.6	?	?
1518263889.00	41.237489133	-8.547350100	133.5	14.867	352.70	1.6	?	?
1518263890.00	41.237621667	-8.547378267	133.8	15.433	352.10	1.6	?	?
1518263891.00	41.237756650	-8.547408550	134.2	15.793	351.20	1.6	?	?
1518263892.00	41.237892717	-8.547437567	134.5	15.896	351.60	1.6	?	?
1518263893.00	41.238025483	-8.547466217	135.1	15.691	351.40	1.6	?	?
1518263894.00	41.238159067	-8.547494833	135.6	15.382	351.10	1.6	?	?
1518263895.00	41.238288983	-8.547523517	136.2	14.867	350.70	1.6	?	?
1518263896.00	41.238416067	-8.547553950	136.7	14.507	349.80	1.6	?	?
1518263897.00	41.238535917	-8.547585517	137.4	13.890	349.00	1.6	?	?
1518263898.00	41.238650233	-8.547613817	138.1	13.118	349.40	2.1	?	?
1518263899.00	41.238759233	-8.547643250	138.6	12.398	348.80	1.6	?	?
1518263900.00	41.238862583	-8.547671950	139.3	11.884	348.60	1.9	3.7	4.2
1518263901.00	41.238964017	-8.547699500	140.1	11.472	348.50	1.9	3.7	4.2
1518263902.00	41.239069133	-8.547726767	140.5	11.626	348.20	1.9	3.7	4.2
1518263903.00	41.239177033	-8.547754350	140.8	11.987	348.50	1.9	3.7	4.2
1518263904.00	41.239282550	-8.547783333	141.0	12.089	348.40	1.9	3.7	4.2
1518263905.00	41.239408083	-8.547806683	140.7	13.170	350.40	1.9	3.7	4.2
1518263906.00	41.239535333	-8.547832167	140.3	13.684	350.20	1.6	?	?
1518263907.00	41.239670650	-8.547855817	140.3	13.993	350.10	1.6	?	?
1518263908.00	41.239798983	-8.547883667	140.6	13.993	349.60	2.2	?	?
1518263909.00	41.239922683	-8.547912883	140.9	13.787	349.30	2.2	?	?
1518263910.00	41.240046500	-8.547943533	141.2	13.839	348.90	2.2	?	?
1518263911.00	41.240168517	-8.547972833	141.6	13.736	349.20	2.2	?	?
1518263912.00	41.240290567	-8.548000567	141.6	13.684	350.40	2.2	?	?
1518263913.00	41.240414183	-8.548024633	141.6	13.581	351.50	2.2	?	?
1518263914.00	41.240534150	-8.548049317	141.1	13.015	352.80	2.7	3.9	4.7
1518263915.00	41.240634783	-8.548065183	147.0	12.295	355.30	7.6	1.0	7.7
1518263916.00	41.240738300	-8.548084917	145.9	11.729	0.00	7.6	1.0	7.7
1518263917.00	41.240833817	-8.548078500	146.0	11.163	6.00	7.6	1.0	7.7
1518263918.00	41.240933117	-8.548058717	146.2	10.803	10.70	11.1	?	?
1518263919.00	41.241028867	-8.548017683	146.4	10.340	13.50	2.2	?	?
1518263920.00	41.241123350	-8.547990483	146.3	9.980	13.00	2.0	?	?
1518263921.00	41.241207250	-8.547968467	146.4	9.723	10.20	2.0	?	?
1518263922.00	41.241286783	-8.547954167	146.6	8.900	6.80	2.0	?	?
1518263923.00	41.241362033	-8.547945233	146.9	8.385	3.50	1.8	?	?
1518263924.00	41.241428900	-8.547932000	145.2	7.305	3.40	7.0	?	?
1518263925.00	41.241489033	-8.547927733	143.6	6.431	359.50	1.8	?	?
1518263926.00	41.241537967	-8.547938600	142.2	5.659	342.60	1.8	?	?
1518263927.00	41.241575417	-8.547982300	140.6	5.968	310.40	1.8	?	?
1518263928.00	41.241601633	-8.548056217	139.2	7.408	289.30	2.2	?	?
1518263929.00	41.241620217	-8.548143250	139.0	8.283	283.50	9.3	?	?
1518263930.00	41.241640617	-8.548235483	139.0	8.591	283.50	9.3	?	?
1518263931.00	41.241661617	-8.548336717	139.9	9.106	283.00	9.3	?	?
1518263932.00	41.241700050	-8.548462533	140.1	10.752	283.70	2.0	?	?
1518263933.00	41.241729700	-8.548594633	139.8	11.678	283.70	2.0	?	?
1518263934.00	41.241751767	-8.548732433	139.3	12.244	282.30	2.0	?	?
1518263935.00	41.241772167	-8.548880933	138.5	13.015	280.80	2.0	?	?
1518263936.00	41.241794500	-8.549037317	137.9	13.633	281.00	2.0	?	?
1518263937.00	41.241816917	-8.549197183	137.4	13.839	281.10	2.0	?	?
1518263938.00	41.241841267	-8.549357267	137.0	13.633	281.50	2.0	?	?
1518263939.00	41.241866683	-8.549511433	136.5	13.118	282.70	17.0	?	?
1518263940.00	41.241890983	-8.549656567	136.1	12.347	283.30	17.1	?	?
1518263941.00	41.241914583	-8.549800100	134.5	11.729	283.50	2.0	?	?
1518263942.00	41.241936300	-8.549926950	134.4	10.906	283.00	2.0	?	?
1518263943.00	41.241959133	-8.550047600	133.6	10.237	284.00	2.0	?	?
1518263944.00	41.241990867	-8.550162933	134.2	10.083	286.30	4.1	1.0	4.3
1518263945.00	41.242019817	-8.550282633	131.9	9.980	287.30	2.0	?	?
1518263946.00	41.242045367	-8.550366867	129.0	8.591	290.30	2.0	?	?
1518263947.00	41.242068583	-8.550461467	126.4	8.231	289.50	2.1	?	?
1518263948.00	41.242107367	-8.550565433	123.6	9.209	292.90	2.1	?	?
1518263949.00	41.242146033	-8.550704733	118.3	10.598	293.20	2.1	?	?
1518263950.00	41.242178517	-8.550831517	117.4	11.009	291.70	2.1	?	?
1518263951.00	41.242204117	-8.550955600	112.3	11.112	289.70	2.1	?	?
1518263952.00	41.242227767	-8.551100900	108.8	11.626	289.10	4.1	1.0	4.2
1518263953.00	41.242254450	-8.551244733	106.2	11.524	290.40	4.1	1.0	4.2
1518263954.00	41.242284183	-8.551383567	105.3	10.906	290.70	4.1	1.0	4.2
1518263955.00	41.242320183	-8.551510550	104.8	10.340	293.30	4.1	1.0	4.2
1518263956.00	41.242357283	-8.551627917	104.5	9.723	295.40	4.1	1.0	4.2
1518263957.00	41.242398050	-8.551736883	104.4	9.260	298.10	4.1	1.0	4.2
1518263958.00	41.242448583	-8.551825600	104.7	8.488	303.90	4.1	1.0	4.2
1518263959.00	41.242503783	-8.551898267	104.9	7.768	311.00	4.1	1.0	4.2
1518263960.00	41.242565767	-8.551948100	105.4	6.996	321.00	4.1	1.0	4.2
1518263961.00	41.242630483	-8.551975867	105.9	6.328	333.90	4.1	1.0	4.2
1518263962.00	41.242690067	-8.551982783	106.4	5.556	351.10	4.1	1.0	4.2
1518263963.00	41.242670950	-8.552038817	105.9	2.572	337.00	2.1	?	?
1518263964.00	41.242679000	-8.552041967	106.2	1.029	343.40	2.1	?	?
1518263965.00	41.242606217	-8.552142767	107.8	0.514	344.80	2.0	?	?
1518263966.00	41.242588050	-8.552172567	109.5	0.051	89.10	1.7	?	?
1518263967.00	41.242584900	-8.552180317	110.0	0.051	211.30	1.7	?	?
1518263968.00	41.242579917	-8.552180633	110.0	0.257	171.10	1.6	?	?
1518263969.00	41.242572817	-8.552179617	110.3	0.566	169.80	1.6	?	?
1518263970.00	41.242570917	-8.552179983	110.8	0.412	170.30	1.0	?	?
1518263971.00	41.242566417	-8.552179100	111.4	0.463	172.50	1.0	?	?
1518263972.00	41.242565267	-8.552178183	111.5	0.206	171.80	1.0	?	?
1518263973.00	41.242562100	-8.552176333	111.6	0.154	179.80	1.0	?	?
1518263974.00	41.242562350	-8.552178567	111.4	0.412	286.40	2.1	?	?
1518263975.00	41.242572583	-8.552190783	111.0	1.338	306.20	2.1	?	?
1518263976.00	41.242576733	-8.552203183	112.4	1.440	302.70	2.1	?	?
1518263977.00	41.242580267	-8.552231150	114.1	2.572	287.20	8.6	?	?
1518263978.00	41.242599233	-8.552276733	114.1	4.424	290.90	8.6	?	?
1518263979.00	41.242610717	-8.552334983	113.0	5.659	284.90	15.0	?	?
1518263980.00	41.242618967	-8.552402117	110.9	6.842	281.90	15.0	?	?
1518263981.00	41.242627067	-8.552486667	110.5	8.077	281.00	8.6	?	?
1518263982.00	41.242619767	-8.552583083	112.2	8.900	278.90	8.6	?	?
1518263983.00	41.242607100	-8.552683817	114.1	9.517	277.10	8.6	?	?
1518263984.00	41.242600883	-8.552798283	114.6	10.598	275.70	8.5	?	?
1518263985.00	41.242577150	-8.552921283	115.8	11.266	273.50	8.5	?	?
1518263986.00	41.242562217	-8.553054633	113.9	11.729	271.50	8.5	?	?
1518263987.00	41.242540183	-8.553191367	111.9	11.987	268.90	8.5	?	?
1518263988.00	41.242520250	-8.553330900	110.0	12.038	267.20	8.5	?	?
1518263989.00	41.242504933	-8.553465817	108.1	11.369	266.70	8.5	?	?
1518263990.00	41.242490150	-8.553588883	106.3	10.186	266.20	8.5	?	?
1518263991.00	41.242479017	-8.553695317	104.9	8.488	265.40	8.5	?	?
1518263992.00	41.242489717	-8.553780583	104.2	6.173	273.30	8.5	?	?
1518263993.00	41.242500850	-8.553845283	103.7	4.733	285.60	8.5	?	?
1518263994.00	41.242540367	-8.553891867	104.5	4.424	320.80	8.5	?	?
1518263995.00	41.242610617	-8.553922433	104.2	5.865	348.70	8.5	?	?
1518263996.00	41.242707167	-8.553951900	103.9	8.180	352.10	24.0	6.8	24.9
1518263997.00	41.242810650	-8.553983417	103.6	10.340	348.90	24.0	6.8	25.0
1518263998.00	41.242914517	-8.554016233	103.2	11.781	346.70	24.1	6.8	25.0
1518263999.00	41.243020400	-8.554050550	102.7	12.398	346.40	24.2	6.8	25.1
1518264000.00	41.243125617	-8.554084850	102.1	12.398	347.00	24.2	6.8	25.1
1518264001.00	41.243369517	-8.554140900	105.9	11.832	347.70	2.4	?	?
1518264002.00	41.243544317	-8.554184400	108.5	10.752	347.80	2.2	?	?
1518264003.00	41.243649217	-8.554209700	108.8	9.517	351.20	2.2	?	?
1518264004.00	41.243730200	-8.554216000	108.1	8.488	3.90	2.2	?	?
1518264005.00	41.243804783	-8.554190383	107.8	8.334	21.40	2.2	?	?
1518264006.00	41.243890217	-8.554135883	107.6	9.209	31.00	1.8	?	?
1518264007.00	41.243974933	-8.554084117	107.8	9.517	28.30	1.5	?	?
1518264008.00	41.244058183	-8.554056550	107.3	9.363	13.20	1.5	?	?
1518264009.00	41.244139033	-8.554080600	105.2	9.980	344.90	1.5	?	?
1518264010.00	41.244217650	-8.554137067	104.6	10.803	327.20	1.5	?	?
1518264011.00	41.244266850	-8.554236217	103.0	10.803	306.10	1.8	3.8	4.2
1518264012.00	41.244301717	-8.554347800	102.9	10.906	290.10	1.8	3.8	4.2
1518264013.00	41.244287400	-8.554459750	103.9	9.980	265.10	1.8	3.8	4.2
1518264014.00	41.244254367	-8.554569233	103.6	10.237	242.90	1.8	3.8	4.2
1518264015.00	41.244203917	-8.554663117	103.4	10.855	225.40	1.6	?	?
1518264016.00	41.244136100	-8.554737800	103.7	11.061	216.40	1.8	3.8	4.2
1518264017.00	41.244066717	-8.554812417	103.5	10.700	219.60	1.8	3.8	4.2
1518264018.00	41.244007783	-8.554902650	103.3	10.598	231.60	1.8	3.8	4.2
1518264019.00	41.243966300	-8.555018750	102.9	11.369	248.20	1.8	3.8	4.2
1518264020.00	41.243939850	-8.555153783	102.5	12.244	258.60	1.8	3.8	4.2
1518264021.00	41.243918933	-8.555289317	101.7	12.038	259.70	1.8	3.8	4.2
1518264022.00	41.243897783	-8.555426017	101.4	11.678	259.30	1.8	3.8	4.2
1518264023.00	41.243874400	-8.555558917	101.1	11.266	257.80	1.6	?	?
1518264024.00	41.243853350	-8.555689017	101.3	11.061	258.20	2.2	?	?
1518264025.00	41.243828417	-8.555819600	101.9	11.112	256.70	1.6	?	?
1518264026.00	41.243796417	-8.555951617	102.7	11.369	254.20	1.6	?	?
1518264027.00	41.243769717	-8.556082367	103.0	11.369	254.90	1.0	?	?
1518264028.00	41.243747983	-8.556217050	103.6	11.524	256.60	1.0	?	?
1518264029.00	41.243720733	-8.556350700	104.0	11.524	257.00	1.0	?	?
1518264030.00	41.243695167	-8.556483217	103.8	11.318	258.30	1.0	?	?
1518264031.00	41.243669650	-8.556622567	103.4	11.832	258.00	1.0	?	?
1518264032.00	41.243639850	-8.556766567	103.4	12.192	256.70	1.1	?	?
1518264033.00	41.243613317	-8.556908700	102.7	12.192	257.00	1.1	?	?
1518264034.00	41.243586083	-8.557051633	102.0	12.192	256.40	1.1	?	?
1518264035.00	41.243556300	-8.557194417	101.9	12.192	256.40	1.1	?	?
1518264036.00	41.243537383	-8.557336217	101.7	12.089	257.80	1.6	?	?
1518264037.00	41.243527817	-8.557477650	100.9	12.141	257.80	1.6	?	?
1518264038.00	41.243509167	-8.557620933	100.5	12.192	257.10	1.6	?	?
1518264039.00	41.243486467	-8.557762567	99.9	12.141	256.40	1.6	?	?
1518264040.00	41.243462667	-8.557902867	99.3	12.089	256.40	1.6	?	?
1518264041.00	41.243438367	-8.558041983	98.7	12.089	256.70	2.1	?	?
1518264042.00	41.243415600	-8.558180550	97.9	11.987	257.40	2.1	?	?
1518264043.00	41.243391117	-8.558320883	97.3	12.038	257.10	2.1	?	?
1518264044.00	41.243366717	-8.558459667	96.7	12.038	256.90	2.1	?	?
1518264045.00	41.243344000	-8.558595083	96.0	11.884	257.10	2.1	?	?
1518264046.00	41.243321550	-8.558730850	95.3	11.781	257.20	2.1	?	?
1518264047.00	41.243298600	-8.558868150	94.6	11.781	257.20	2.1	?	?
1518264048.00	41.243276583	-8.559001267	94.1	11.678	257.40	2.1	?	?
1518264049.00	41.243253950	-8.559133317	94.1	11.472	257.10	1.6	?	?
1518264050.00	41.243231467	-8.559264417	94.5	11.163	257.10	1.6	?	?
1518264051.00	41.243208150	-8.559397317	95.0	11.318	257.50	1.6	?	?
1518264052.00	41.243185383	-8.559536233	95.9	11.832	257.70	1.7	?	?
1518264053.00	41.243161150	-8.559683383	96.6	12.707	257.80	1.9	?	?
1518264054.00	41.243134833	-8.559843317	97.5	13.890	257.90	1.9	?	?
1518264055.00	41.243105533	-8.560009650	98.4	14.610	257.10	8.7	?	?
1518264056.00	41.243076450	-8.560190817	99.6	15.588	257.40	8.7	?	?
1518264057.00	41.243045133	-8.560379033	100.8	16.359	257.30	8.7	?	?
1518264058.00	41.243011283	-8.560569183	102.0	16.719	256.80	1.9	?	?
1518264059.00	41.242977817	-8.560762400	103.5	16.874	256.80	1.9	?	?
1518264060.00	41.242943433	-8.560955033	104.4	16.719	257.00	1.9	?	?
1518264061.00	41.242908300	-8.561139567	106.0	16.256	256.10	2.2	5.4	5.9
1518264062.00	41.242875600	-8.561313083	107.1	15.279	255.70	2.2	5.4	5.9
1518264063.00	41.242849317	-8.561474333	109.0	14.147	256.40	2.2	5.4	5.9
1518264064.00	41.242821650	-8.561626900	110.4	13.118	256.30	2.2	5.4	5.9
1518264065.00	41.242797217	-8.561763483	111.6	11.729	256.40	1.9	?	?
1518264066.00	41.242771533	-8.561894150	112.3	10.649	256.60	1.9	?	?
1518264067.00	41.242752750	-8.562012550	112.5	9.620	258.80	1.9	?	?
1518264068.00	41.242757133	-8.562123050	114.0	8.848	271.10	1.6	?	?
1518264069.00	41.242783667	-8.562218567	117.6	8.488	285.40	1.6	?	?
1518264070.00	41.242813733	-8.562314067	117.6	8.694	296.00	1.6	?	?
1518264071.00	41.242850000	-8.562409517	117.2	9.157	299.00	1.6	?	?
1518264072.00	41.242873000	-8.562509167	117.0	9.414	291.20	2.2	?	?
1518264073.00	41.242881867	-8.562618783	116.6	9.877	278.80	1.6	?	?
1518264074.00	41.242867283	-8.562725850	116.4	9.620	263.00	1.6	?	?
1518264075.00	41.242812033	-8.562818083	116.6	9.723	236.70	1.6	?	?
1518264076.00	41.242763467	-8.562879083	117.7	10.083	209.80	1.6	?	?
1518264077.00	41.242680583	-8.562910633	118.1	11.061	191.20	1.6	?	?
1518264078.00	41.242582183	-8.562910000	117.8	12.038	176.30	1.8	3.8	4.3
1518264079.00	41.242500583	-8.562855883	116.4	11.626	156.30	1.8	3.8	4.3
1518264080.00	41.242436817	-8.562769733	116.5	11.215	137.00	1.8	3.8	4.3
1518264081.00	41.242366617	-8.562669450	115.8	11.987	129.40	1.8	3.8	4.3
1518264082.00	41.242305250	-8.562563400	115.8	11.781	129.50	1.8	?	?
1518264083.00	41.242241867	-8.562462450	117.5	11.472	137.90	1.8	?	?
1518264084.00	41.242157117	-8.562392000	118.8	11.832	153.20	1.8	?	?
1518264085.00	41.242060333	-8.562346483	118.7	12.089	162.90	1.8	?	?
1518264086.00	41.241965717	-8.562331267	117.8	11.781	170.10	1.8	?	?
1518264087.00	41.241863617	-8.562309550	117.1	12.038	171.60	1.8	3.8	4.3
1518264088.00	41.241754850	-8.562289617	115.7	12.192	172.60	1.8	3.8	4.3
1518264089.00	41.241644783	-8.562275417	114.3	12.038	174.40	1.8	3.8	4.3
1518264090.00	41.241530000	-8.562265633	111.9	11.884	175.90	1.8	3.8	4.3
1518264091.00	41.241423183	-8.562257483	111.6	11.781	177.10	1.8	3.8	4.3
1518264092.00	41.241319683	-8.562253667	112.1	11.626	179.00	1.8	3.8	4.3
1518264093.00	41.241213867	-8.562251683	112.5	11.678	179.50	1.8	3.8	4.3
1518264094.00	41.241107783	-8.562249683	112.6	11.781	179.20	1.8	3.9	4.3
1518264095.00	41.241001600	-8.562246700	112.6	11.832	178.80	1.8	3.9	4.3
1518264096.00	41.240895933	-8.562242600	113.0	11.832	178.60	1.8	?	?
1518264097.00	41.240790167	-8.562239183	113.3	11.884	179.00	1.8	?	?
1518264098.00	41.240682750	-8.562236600	113.5	11.987	179.40	1.8	?	?
1518264099.00	41.240576833	-8.562236233	113.8	11.884	180.50	1.8	?	?
1518264100.00	41.240469083	-8.562245650	113.8	11.987	184.70	1.8	?	?
1518264101.00	41.240365933	-8.562267400	113.8	11.626	190.60	1.8	3.9	4.3
1518264102.00	41.240264817	-8.562305967	113.6	11.472	198.00	1.8	3.9	4.3
1518264103.00	41.240166400	-8.562359483	113.2	11.524	205.00	1.8	3.9	4.3
1518264104.00	41.240066683	-8.562429150	111.8	11.832	211.60	2.3	3.9	4.5
1518264105.00	41.239974750	-8.562514450	110.8	12.141	217.80	1.8	3.9	4.3
1518264106.00	41.239898383	-8.562605533	110.7	12.089	224.00	1.8	3.9	4.3
1518264107.00	41.239830250	-8.562713083	111.0	12.295	230.40	1.8	3.9	4.3
1518264108.00	41.239766950	-8.562830550	110.8	12.244	233.80	1.8	3.9	4.3
1518264109.00	41.239705083	-8.562948950	110.6	12.141	235.00	1.8	3.9	4.3
1518264110.00	41.239644867	-8.563068583	110.1	12.089	236.20	1.8	3.9	4.3
1518264111.00	41.239587483	-8.563189183	109.7	11.987	237.70	1.8	3.9	4.3
1518264112.00	41.239530683	-8.563315583	109.2	12.192	239.50	2.0	4.1	4.5
1518264113.00	41.239477817	-8.563445700	108.4	12.295	241.70	2.0	4.1	4.5
1518264114.00	41.239427800	-8.563571400	108.2	12.089	242.90	2.0	4.1	4.5
1518264115.00	41.239386483	-8.563719250	107.0	12.707	247.50	2.0	4.1	4.5
1518264116.00	41.239351467	-8.563853800	107.2	12.450	249.80	44.1	63.2	77.0
1518264135.00	41.239324283	-8.563989350	109.4	?	?	2.0	4.1	4.5
1518264136.00	41.238880283	-8.565649383	116.9	1.852	112.70	2.4	0.0	2.4
1518264137.00	41.238892800	-8.565622200	116.6	2.366	109.60	2.3	3.9	4.5
1518264138.00	41.238878683	-8.565610967	112.5	1.389	118.50	4.0	1.0	4.1
1518264139.00	41.238883783	-8.565579883	111.8	1.595	99.30	2.3	3.9	4.5
1518264140.00	41.238883617	-8.565565050	112.7	1.646	90.60	2.2	?	?
1518264141.00	41.238897283	-8.565530900	116.3	2.469	72.20	2.2	?	?
1518264142.00	41.238917317	-8.565502350	117.5	3.190	57.10	2.2	?	?
1518264143.00	41.238936250	-8.565470133	117.7	3.704	53.00	2.2	?	?
1518264144.00	41.238957000	-8.565427317	117.4	4.424	54.60	2.2	?	?
1518264145.00	41.238974750	-8.565364333	116.3	5.659	63.00	2.2	?	?
1518264146.00	41.239008233	-8.565275333	114.8	7.974	64.50	2.2	?	?
1518264147.00	41.239055283	-8.565164850	116.5	10.083	63.80	2.2	?	?
1518264148.00	41.239094983	-8.565044650	116.7	11.626	64.80	16.5	?	?
1518264149.00	41.239137200	-8.564918967	117.2	12.038	65.60	5.4	?	?
1518264150.00	41.239178850	-8.564781617	118.5	12.501	67.50	2.2	?	?
1518264151.00	41.239217833	-8.564642433	121.1	12.038	68.80	5.4	?	?
1518264152.00	41.239256067	-8.564493317	125.7	11.935	70.60	4.5	?	?
1518264154.00	41.239284467	-8.564365883	124.3	?	?	3.0	?	?
1518264155.00	41.239338033	-8.564124467	124.2	10.443	71.70	4.5	?	?
1518264156.00	41.239355933	-8.564094533	123.8	7.202	70.80	4.5	?	?
1518264157.00	41.239355500	-8.564101567	125.2	4.476	62.40	11.6	?	?
1518264158.00	41.239368183	-8.564106083	124.5	2.829	51.70	3.0	?	?
1518264159.00	41.239376217	-8.564104433	124.3	1.595	51.60	3.0	?	?
1518264160.00	41.239388033	-8.564087867	124.4	1.595	48.90	3.0	?	?
1518264161.00	41.239632917	-8.563671383	129.0	11.987	49.90	4.6	?	?
1518264162.00	41.239658533	-8.563329333	129.9	11.626	62.30	4.5	?	?
1518264163.00	41.239684733	-8.563158083	130.8	11.575	59.40	4.5	?	?
1518264164.00	41.239729133	-8.563026533	130.6	11.678	55.20	4.4	?	?
1518264165.00	41.239780600	-8.562896067	130.7	11.884	53.40	4.4	?	?
1518264166.00	41.239841567	-8.562776617	130.9	11.935	50.80	4.4	?	?
1518264167.00	41.239905167	-8.562662600	129.8	12.038	47.80	4.4	?	?
1518264168.00	41.239970350	-8.562552500	127.4	12.141	45.80	4.4	?	?
1518264169.00	41.240046017	-8.562452767	126.1	12.089	41.70	4.4	?	?
1518264170.00	41.240132667	-8.562365183	126.0	12.089	35.30	4.4	?	?
1518264171.00	41.240226733	-8.562290250	126.5	12.089	27.70	4.4	?	?
1518264172.00	41.240326417	-8.562224617	128.0	12.141	20.50	4.4	?	?
1518264173.00	41.240430283	-8.562186100	128.2	12.141	12.40	1.6	?	?
1518264174.00	41.240534183	-8.562164200	127.2	12.141	5.90	2.6	?	?
1518264175.00	41.240639350	-8.562158783	126.2	12.192	0.80	2.3	?	?
1518264176.00	41.240746700	-8.562157367	125.2	12.192	358.10	2.3	?	?
1518264177.00	41.240852583	-8.562159000	124.0	12.089	358.40	2.3	?	?
1518264178.00	41.240959200	-8.562163833	123.2	12.038	358.40	2.3	?	?
1518264179.00	41.241066717	-8.562169750	122.5	11.987	357.80	2.3	?	?
1518264180.00	41.241173633	-8.562172967	121.9	11.987	357.90	2.3	?	?
1518264181.00	41.241252933	-8.562184867	111.9	12.038	358.30	1.5	?	?
1518264182.00	41.241357850	-8.562191333	111.2	12.038	357.80	1.5	?	?
1518264183.00	41.241465733	-8.562195483	111.1	12.089	357.50	1.5	?	?
1518264184.00	41.241573667	-8.562204267	111.0	11.884	355.40	1.6	?	?
1518264185.00	41.241681050	-8.562219383	110.5	11.884	352.40	1.9	?	?
1518264186.00	41.241786017	-8.562244967	111.3	11.626	347.40	2.2	?	?
1518264187.00	41.241894117	-8.562280100	112.0	11.678	343.50	2.2	?	?
1518264188.00	41.242014033	-8.562328367	108.3	11.729	343.00	2.2	?	?
1518264189.00	41.242113600	-8.562371217	106.9	11.884	344.40	2.2	?	?
1518264190.00	41.242215617	-8.562396933	106.1	11.626	351.10	2.2	?	?
1518264191.00	41.242321800	-8.562390933	105.6	11.781	5.50	2.2	?	?
1518264192.00	41.242420150	-8.562354900	105.3	11.781	19.10	2.2	?	?
1518264193.00	41.242502417	-8.562290717	105.3	11.626	31.10	1.8	?	?
1518264194.00	41.242589133	-8.562209717	105.0	11.626	40.40	1.5	?	?
1518264195.00	41.242661217	-8.562112733	105.3	11.266	50.30	1.5	?	?
1518264196.00	41.242714550	-8.561996300	105.5	11.524	63.60	1.5	?	?
1518264197.00	41.242747817	-8.561867367	105.1	11.729	75.60	1.5	?	?
1518264198.00	41.242770550	-8.561728450	105.0	12.089	81.10	1.5	?	?
1518264199.00	41.242792067	-8.561585783	105.0	12.244	81.10	1.5	?	?
1518264200.00	41.242814567	-8.561440817	105.1	12.347	79.60	1.8	?	?
1518264201.00	41.242838333	-8.561296783	105.2	12.295	78.00	1.8	?	?
1518264202.00	41.242862967	-8.561153967	105.2	12.244	77.20	1.8	?	?
1518264203.00	41.242888633	-8.561012950	105.2	12.141	76.50	1.8	?	?
1518264204.00	41.242915350	-8.560873367	105.4	12.038	76.10	1.8	?	?
1518264205.00	41.242942133	-8.560734717	105.8	11.987	76.10	1.8	?	?
1518264206.00	41.242968933	-8.560595750	106.3	11.935	76.50	2.1	?	?
1518264207.00	41.242994433	-8.560458483	106.4	11.935	76.90	1.8	?	?
1518264208.00	41.243021183	-8.560319767	107.0	11.935	76.80	1.8	?	?
1518264209.00	41.243047633	-8.560180633	107.6	11.935	76.90	1.8	?	?
1518264210.00	41.243074567	-8.560041267	108.5	11.935	76.80	1.8	?	?
1518264211.00	41.243101667	-8.559902217	109.2	11.987	76.50	1.8	?	?
1518264212.00	41.243128633	-8.559764500	109.7	11.884	76.20	1.8	?	?
1518264213.00	41.243155300	-8.559623717	110.9	11.832	76.50	1.8	?	?
1518264214.00	41.243183117	-8.559482467	112.3	11.935	76.10	1.8	?	?
1518264215.00	41.243211367	-8.559342083	113.7	11.935	75.80	1.8	?	?
1518264216.00	41.243239567	-8.559201917	115.1	11.935	76.00	1.8	?	?
1518264217.00	41.243265583	-8.559062983	116.6	11.832	76.80	1.8	?	?
1518264218.00	41.243289517	-8.558928817	118.0	11.472	77.40	1.8	?	?
1518264219.00	41.243313433	-8.558799183	119.4	11.112	76.50	1.8	?	?
1518264220.00	41.243337817	-8.558672100	121.1	10.906	75.40	1.6	?	?
1518264221.00	41.243355617	-8.558549517	120.2	10.855	75.40	1.6	?	?
1518264222.00	41.243372700	-8.558424300	119.3	11.009	75.80	1.6	?	?
1518264223.00	41.243390617	-8.558299067	118.1	11.112	75.40	1.6	?	?
1518264224.00	41.243410167	-8.558171883	116.9	11.369	75.60	1.6	?	?
1518264225.00	41.243431617	-8.558042167	116.3	11.472	75.90	1.6	?	?
1518264226.00	41.243453467	-8.557912500	115.6	11.524	76.20	1.6	?	?
1518264227.00	41.243475100	-8.557780400	115.3	11.524	77.60	1.6	?	?
1518264228.00	41.243496150	-8.557647783	115.1	11.575	78.30	1.6	?	?
1518264229.00	41.243517983	-8.557515250	115.1	11.575	77.90	1.6	?	?
1518264230.00	41.243534433	-8.557391867	111.9	11.524	77.90	1.6	?	?
1518264231.00	41.243552833	-8.557265250	109.8	11.524	77.80	1.6	?	?
1518264232.00	41.243573683	-8.557132617	108.8	11.678	77.50	1.6	?	?
1518264233.00	41.243597533	-8.556994417	109.0	11.884	77.20	1.6	?	?
1518264234.00	41.243622067	-8.556852633	109.2	12.089	77.20	1.6	?	?
1518264235.00	41.243647133	-8.556710417	109.6	12.141	77.20	1.6	?	?
1518264236.00	41.243671717	-8.556568100	110.0	12.038	77.40	1.6	?	?
1518264237.00	41.243696117	-8.556426650	110.2	11.987	77.30	1.6	?	?
1518264238.00	41.243720367	-8.556284717	110.0	12.089	76.80	1.6	?	?
1518264239.00	41.243745933	-8.556141333	109.6	12.244	76.30	4.2	?	?
1518264240.00	41.243771067	-8.555998700	108.8	12.244	76.40	1.5	?	?
1518264241.00	41.243796517	-8.555857117	108.2	12.192	76.60	1.5	?	?
1518264242.00	41.243821850	-8.555716300	107.4	12.089	77.00	1.5	?	?
1518264243.00	41.243847067	-8.555577267	106.7	11.935	77.00	1.5	?	?
1518264244.00	41.243871733	-8.555440083	106.4	11.781	77.10	1.5	?	?
1518264245.00	41.243896717	-8.555305683	106.3	11.524	76.80	1.5	?	?
1518264246.00	41.243920650	-8.555174417	106.7	11.215	76.80	1.5	?	?
1518264247.00	41.243943217	-8.555042850	107.1	11.112	77.20	1.5	?	?
1518264248.00	41.243960733	-8.554912067	108.3	10.598	82.10	1.7	?	?
1518264249.00	41.243964133	-8.554795167	110.0	9.157	91.50	1.7	?	?
1518264250.00	41.243949017	-8.554697450	110.7	8.025	105.50	1.7	?	?
1518264251.00	41.243907350	-8.554605333	110.7	8.334	122.90	1.7	?	?
1518264252.00	41.243869700	-8.554517483	110.7	8.643	124.60	1.7	?	?
1518264253.00	41.243846067	-8.554422100	110.6	9.003	111.30	1.7	?	?
1518264254.00	41.243841933	-8.554327133	110.2	8.694	94.40	2.5	?	?
1518264255.00	41.243869017	-8.554239717	111.1	8.283	69.70	2.5	?	?
1518264256.00	41.243906217	-8.554159850	110.8	8.437	49.30	2.3	?	?
1518264257.00	41.243959700	-8.554101267	110.1	8.334	32.30	1.7	?	?
1518264258.00	41.244022333	-8.554063083	109.8	8.283	16.50	1.7	?	?
1518264259.00	41.244089367	-8.554056417	109.1	8.231	358.90	1.7	?	?
1518264260.00	41.244155417	-8.554095950	106.3	8.334	341.10	1.5	?	?
1518264261.00	41.244216433	-8.554145217	105.5	8.437	324.90	1.5	?	?
1518264262.00	41.244264933	-8.554217083	103.7	8.540	309.80	1.5	?	?
1518264263.00	41.244297600	-8.554304683	102.9	8.591	294.10	1.5	?	?
1518264264.00	41.244312733	-8.554401483	102.5	8.694	279.60	1.5	?	?
1518264265.00	41.244296217	-8.554495133	101.8	8.437	259.30	1.5	?	?
1518264266.00	41.244261100	-8.554582650	101.5	8.694	238.70	1.5	?	?
1518264267.00	41.244208633	-8.554660550	101.2	9.311	222.80	1.6	?	?
1518264268.00	41.244139733	-8.554735100	101.1	10.289	216.40	1.8	2.7	3.2
1518264269.00	41.244063583	-8.554815617	100.9	11.009	219.90	1.8	2.7	3.2
1518264270.00	41.243998517	-8.554914500	100.3	11.678	231.70	1.8	2.7	3.2
1518264271.00	41.243942850	-8.555034900	100.2	12.758	241.70	1.9	2.7	3.3
1518264272.00	41.243897533	-8.555173650	99.9	13.376	247.60	1.7	?	?
1518264273.00	41.243884700	-8.555308450	99.3	12.501	256.60	1.7	?	?
1518264274.00	41.243864500	-8.555446017	99.4	11.935	258.20	1.7	?	?
1518264275.00	41.243843183	-8.555579683	99.4	11.421	258.30	1.7	?	?
1518264276.00	41.243821517	-8.555709267	99.5	11.112	258.00	1.5	?	?
1518264277.00	41.243800650	-8.555835950	99.7	10.906	257.60	1.5	?	?
1518264278.00	41.243777517	-8.555966250	99.9	11.112	256.80	1.5	?	?
1518264279.00	41.243755533	-8.556097067	100.2	11.266	256.60	1.5	?	?
1518264280.00	41.243733517	-8.556228500	100.8	11.421	256.40	1.5	?	?
1518264281.00	41.243711200	-8.556361267	101.2	11.575	256.30	1.4	?	?
1518264282.00	41.243690417	-8.556495767	101.7	11.781	256.70	1.6	?	?
1518264283.00	41.243670550	-8.556630900	102.4	11.935	257.40	1.5	?	?
1518264284.00	41.243651717	-8.556766983	102.6	11.935	258.40	1.5	?	?
1518264285.00	41.243631883	-8.556904483	102.7	11.935	258.70	1.5	?	?
1518264286.00	41.243613233	-8.557040967	103.3	11.832	258.40	1.5	?	?
1518264287.00	41.243590133	-8.557181867	103.0	11.987	257.40	1.5	?	?
1518264288.00	41.243564717	-8.557328717	101.6	12.192	256.60	1.5	?	?
1518264289.00	41.243536950	-8.557476533	100.6	12.552	255.70	1.5	?	?
1518264290.00	41.243511300	-8.557620500	99.4	12.450	255.90	1.5	?	?
1518264291.00	41.243483833	-8.557762100	98.3	12.398	255.80	1.5	?	?
1518264292.00	41.243459133	-8.557904200	97.0	12.192	256.30	1.5	?	?
1518264293.00	41.243432633	-8.558047383	95.7	12.192	256.30	1.5	?	?
1518264294.00	41.243406583	-8.558189250	94.8	12.089	256.10	1.5	?	?
1518264295.00	41.243375150	-8.558329300	93.7	12.141	254.60	1.5	?	?
1518264296.00	41.243348350	-8.558468017	93.1	12.141	255.20	1.5	?	?
1518264297.00	41.243322133	-8.558608000	92.6	12.089	255.50	1.6	?	?
1518264298.00	41.243297750	-8.558747067	92.1	11.935	256.20	1.6	?	?
1518264299.00	41.243273000	-8.558883967	91.6	11.832	256.80	1.9	?	?
1518264300.00	41.243246900	-8.559020083	91.6	11.729	256.70	1.6	?	?
1518264301.00	41.243222733	-8.559149067	92.2	11.318	257.10	1.9	?	?
1518264302.00	41.243198717	-8.559275867	93.2	10.958	256.80	1.6	?	?
1518264303.00	41.243177267	-8.559402933	94.7	10.649	256.80	1.6	?	?
1518264304.00	41.243156083	-8.559530817	96.1	10.700	256.90	1.6	?	?
1518264305.00	41.243134333	-8.559656700	97.3	10.752	257.10	1.6	?	?
1518264306.00	41.243112317	-8.559785617	98.1	11.009	257.50	1.6	?	?
1518264307.00	41.243085367	-8.559917100	99.1	11.266	255.80	1.6	?	?
1518264308.00	41.243060233	-8.560051150	100.1	11.524	255.90	1.6	?	?
1518264309.00	41.243037117	-8.560185167	100.7	11.524	256.40	1.6	?	?
1518264310.00	41.243017300	-8.560317117	101.8	11.369	257.50	1.6	?	?
1518264311.00	41.242994433	-8.560453300	103.1	11.524	257.10	1.6	?	?
1518264312.00	41.242974250	-8.560589000	104.3	11.575	257.50	1.6	?	?
1518264313.00	41.242954233	-8.560719967	105.6	11.369	257.50	2.0	?	?
1518264314.00	41.242933150	-8.560854783	106.3	11.472	257.70	2.0	?	?
1518264315.00	41.242910967	-8.560987783	106.9	11.472	257.10	2.0	?	?
1518264316.00	41.242889300	-8.561123983	107.0	11.472	257.80	2.1	?	?
1518264317.00	41.242857617	-8.561265950	106.0	11.832	256.40	2.1	?	?
1518264318.00	41.242821750	-8.561407800	105.1	11.987	254.60	2.1	?	?
1518264319.00	41.242794567	-8.561545917	104.4	11.884	255.40	2.1	?	?
1518264320.00	41.242765383	-8.561682733	103.7	11.781	255.30	2.1	?	?
1518264321.00	41.242736000	-8.561820250	103.8	11.832	254.40	2.1	?	?
1518264322.00	41.242718483	-8.561954167	103.8	11.935	257.40	2.1	?	?
1518264323.00	41.242706533	-8.562096417	104.3	12.604	262.40	1.9	?	?
1518264324.00	41.242725100	-8.562227150	104.3	11.729	274.80	1.9	4.0	4.5
1518264325.00	41.242744383	-8.562350067	104.6	10.803	281.00	1.9	4.0	4.5
1518264326.00	41.242777450	-8.562462367	104.8	10.083	287.50	1.9	4.0	4.5
1518264327.00	41.242799933	-8.562575717	104.6	9.569	284.20	1.8	?	?
1518264328.00	41.242790950	-8.562683300	104.4	8.797	269.50	1.8	?	?
1518264329.00	41.242786667	-8.562779983	104.5	8.077	250.50	1.8	?	?
1518264330.00	41.242736833	-8.562857050	104.8	9.106	222.10	1.9	4.0	4.5
1518264331.00	41.242669750	-8.562889233	105.7	10.392	196.90	22.6	34.7	41.4
1518264332.00	41.242578450	-8.562895017	105.5	11.626	181.00	1.9	4.0	4.5
1518264333.00	41.242475150	-8.562883783	104.2	12.604	172.50	22.4	34.5	41.2
1518264334.00	41.242370417	-8.562857850	103.6	12.964	167.10	4.6	1.0	4.7
1518264335.00	41.242354333	-8.562687467	103.2	11.626	135.50	3.9	1.0	4.0
1518264336.00	41.242284867	-8.562575267	102.1	12.398	131.90	1.7	?	?
1518264337.00	41.242207783	-8.562479100	102.7	12.398	138.80	3.1	?	?
1518264338.00	41.242123100	-8.562403800	104.8	12.192	149.80	1.7	?	?
1518264339.00	41.242020033	-8.562353917	105.1	12.450	161.40	1.7	?	?
1518264340.00	41.241915983	-8.562324083	105.7	12.398	169.40	1.8	?	?
1518264341.00	41.241805417	-8.562299800	105.6	12.758	172.50	1.8	?	?
1518264342.00	41.241692467	-8.562285533	105.4	12.964	176.20	1.8	3.9	4.3
1518264343.00	41.241583100	-8.562272817	105.7	12.758	177.90	1.8	3.9	4.3
1518264344.00	41.241482350	-8.562257883	107.0	12.141	177.70	1.8	3.9	4.3
1518264345.00	41.241374317	-8.562250633	107.1	11.884	176.80	1.6	?	?
1518264346.00	41.241267050	-8.562250667	107.5	11.729	179.60	1.8	3.9	4.3
1518264347.00	41.241161750	-8.562251183	108.6	11.575	179.80	1.8	3.9	4.3
1518264348.00	41.241057883	-8.562249867	109.6	11.524	179.10	1.8	3.9	4.3
1518264349.00	41.240954033	-8.562247750	110.6	11.626	178.60	1.8	3.9	4.3
1518264350.00	41.240849883	-8.562243967	111.6	11.781	178.40	1.8	3.9	4.3
1518264351.00	41.240745300	-8.562240083	112.5	11.781	178.50	1.7	?	?
1518264352.00	41.240639117	-8.562238983	113.4	11.987	179.90	1.7	?	?
1518264353.00	41.240525667	-8.562244100	111.9	11.935	182.30	1.8	3.9	4.3
1518264354.00	41.240414900	-8.562254000	111.4	11.781	186.30	1.8	3.9	4.3
1518264355.00	41.240308300	-8.562278133	111.1	11.524	192.20	1.8	3.9	4.3
1518264356.00	41.240202083	-8.562320917	110.0	11.575	198.80	2.2	5.2	5.7
1518264357.00	41.240102483	-8.562385083	108.8	11.729	207.20	1.8	3.9	4.3
1518264358.00	41.240014600	-8.562458500	108.0	11.678	214.50	1.8	3.9	4.3
1518264359.00	41.239935517	-8.562541250	107.7	11.729	221.20	1.1	?	?
1518264360.00	41.239860800	-8.562640350	106.6	11.884	227.50	1.1	?	?
1518264361.00	41.239789550	-8.562747250	105.5	11.987	230.90	1.8	?	?
1518264362.00	41.239721150	-8.562861950	104.8	12.038	233.20	1.8	?	?
1518264363.00	41.239657717	-8.562976617	103.6	11.935	234.80	1.8	?	?
1518264364.00	41.239597850	-8.563093533	102.4	11.884	236.90	1.8	?	?
1518264365.00	41.239542250	-8.563212450	101.1	11.832	239.10	1.8	?	?
1518264366.00	41.239491400	-8.563335200	99.8	11.781	241.90	1.9	?	?
1518264367.00	41.239445517	-8.563462050	98.7	11.781	245.10	2.0	?	?
1518264368.00	41.239401683	-8.563597350	97.5	11.935	247.30	2.0	?	?
1518264369.00	41.239361717	-8.563739317	96.2	12.141	249.50	2.0	?	?
1518264370.00	41.239316150	-8.563879950	95.5	12.141	250.10	2.1	4.1	4.6
1518264374.00	41.239273717	-8.564021600	94.6	?	?	20.7	32.2	38.3
1518264376.00	41.239139133	-8.564539700	93.5	?	?	7.1	1.0	7.2
1518264379.00	41.239087250	-8.564761383	94.3	?	?	7.1	1.0	7.2
1518264380.00	41.238935900	-8.565211133	89.8	13.273	244.90	20.3	31.7	37.7
1518264381.00	41.238903017	-8.565338900	88.4	12.861	243.20	9.6	?	?
1518264382.00	41.238903733	-8.565407983	88.3	10.392	243.00	9.6	?	?
1518264383.00	41.238877317	-8.565518067	87.4	8.488	245.50	57.7	?	?
1518264384.00	41.238862333	-8.565591550	87.9	6.431	245.50	9.6	?	?
1518264385.00	41.238848683	-8.565647067	87.8	5.042	244.20	9.6	?	?
1518264386.00	41.238834200	-8.565666033	87.7	3.292	233.20	7.8	?	?
1518264387.00	41.238838667	-8.565666650	90.2	1.183	215.00	7.8	?	?
1518264388.00	41.238844167	-8.565650800	90.6	0.463	88.70	8.5	?	?
1518264389.00	41.238846950	-8.565645167	91.0	0.617	52.50	10.7	?	?
1518264390.00	41.238853933	-8.565633317	91.1	0.772	37.10	10.7	?	?
1518264391.00	41.238856300	-8.565629617	91.4	0.720	32.60	10.7	?	?
1518264392.00	41.238857333	-8.565627150	91.4	0.514	36.90	10.7	?	?
1518264393.00	41.238862767	-8.565620217	91.5	0.617	33.70	10.7	?	?
1518264394.00	41.238867267	-8.565613533	91.5	0.566	32.90	10.7	?	?
1518264395.00	41.238871983	-8.565617667	93.8	0.412	27.80	9.5	?	?
1518264396.00	41.238867850	-8.565626233	96.1	0.154	200.90	9.5	?	?
1518264397.00	41.238864517	-8.565646933	100.0	0.206	247.10	2.0	?	?
1518264398.00	41.238859167	-8.565673167	104.7	0.103	322.20	3.7	?	?
1518264399.00	41.238859833	-8.565686600	108.5	0.154	310.60	2.0	?	?
1518264400.00	41.238863233	-8.565689917	110.8	0.103	335.00	1.3	?	?
1518264401.00	41.238865050	-8.565692783	113.2	0.257	239.80	1.3	?	?
1518264402.00	41.238864333	-8.565695850	114.8	0.463	235.10	1.3	?	?
1518264403.00	41.238864883	-8.565697300	116.3	0.514	226.40	1.3	?	?
1518264404.00	41.238864800	-8.565706117	116.8	0.926	230.30	1.3	?	?
1518264405.00	41.238843833	-8.565716900	118.2	1.955	189.40	1.3	?	?
1518264406.00	41.238818383	-8.565714433	118.7	2.881	170.90	1.4	?	?
1518264407.00	41.238803583	-8.565684433	117.9	2.984	145.70	1.4	?	?
1518264408.00	41.238798000	-8.565654067	117.2	2.572	117.20	1.4	?	?
1518264409.00	41.238788850	-8.565635850	116.6	1.955	126.50	4.8	13.4	14.2
1518264410.00	41.238777733	-8.565617533	115.3	1.852	134.20	2.0	?	?
1518264411.00	41.238779533	-8.565605817	114.5	1.183	103.60	2.0	?	?
1518264412.00	41.238784800	-8.565585717	114.2	1.852	72.20	2.0	?	?
1518264413.00	41.238800550	-8.565553317	114.1	3.395	59.40	2.1	?	?
1518264414.00	41.238825583	-8.565511100	114.2	4.784	54.20	1.7	?	?
1518264415.00	41.238851617	-8.565461150	113.9	5.402	57.10	1.6	?	?
1518264416.00	41.238880667	-8.565393600	113.8	6.739	61.80	1.6	?	?
1518264418.00	41.238920333	-8.565307750	113.7	?	?	2.1	?	?
1518264419.00	41.239038517	-8.565093733	114.0	11.987	56.30	14.4	?	?
1518264420.00	41.239103533	-8.564967717	114.3	12.707	56.70	14.5	?	?
1518264421.00	41.239168033	-8.564842917	114.2	13.015	57.50	1.8	?	?
1518264422.00	41.239231633	-8.564716850	115.2	12.913	56.60	3.8	?	?
1518264423.00	41.239268633	-8.564571300	117.1	12.347	62.60	3.8	?	?
1518264424.00	41.239299233	-8.564442550	112.9	12.038	66.20	4.2	?	?
1518264426.00	41.239340417	-8.564307183	113.6	?	?	4.2	?	?
1518264427.00	41.239409767	-8.564033267	114.1	11.729	70.20	4.2	?	?
1518264428.00	41.239428367	-8.563903017	114.7	11.421	72.30	4.2	?	?
1518264429.00	41.239448767	-8.563763683	114.6	11.369	74.90	4.2	?	?
1518264430.00	41.239482650	-8.563607867	113.4	11.884	75.00	4.2	?	?
1518264431.00	41.239516067	-8.563448567	112.8	12.192	75.30	4.2	?	?
1518264432.00	41.239527483	-8.563312733	112.1	12.450	67.20	25.8	?	?
1518264433.00	41.239568500	-8.563169967	112.6	12.192	61.60	26.0	?	?
1518264434.00	41.239621983	-8.563047033	112.6	12.141	56.90	5.5	?	?
1518264435.00	41.239681383	-8.562925533	112.5	12.295	54.00	5.5	?	?
1518264436.00	41.239747550	-8.562809633	112.4	12.347	50.80	5.5	?	?
1518264437.00	41.239816917	-8.562695983	112.2	12.398	49.10	3.7	?	?
1518264438.00	41.239889817	-8.562584767	112.1	12.501	47.90	3.7	?	?
1518264439.00	41.239968617	-8.562480117	111.8	12.552	44.30	5.5	?	?
1518264440.00	41.240055050	-8.562385017	111.3	12.552	38.20	5.5	?	?
1518264441.00	41.240152000	-8.562307800	110.9	12.604	30.20	5.5	?	?
1518264442.00	41.240257700	-8.562249983	110.6	12.707	22.30	4.3	?	?
1518264443.00	41.240370467	-8.562217183	111.7	12.655	13.80	1.9	?	?
1518264444.00	41.240484117	-8.562190283	112.8	12.655	7.80	1.9	?	?
1518264445.00	41.240598350	-8.562177850	113.4	12.655	1.90	1.9	?	?
1518264446.00	41.240713833	-8.562173333	114.1	12.758	358.60	1.5	?	?
1518264447.00	41.240826767	-8.562180400	113.4	12.810	357.30	1.5	?	?
1518264448.00	41.240940950	-8.562189217	112.6	12.913	357.00	1.5	?	?
1518264449.00	41.241052800	-8.562196250	111.7	12.758	357.70	1.6	?	?
1518264450.00	41.241163883	-8.562203800	110.3	12.552	358.40	1.5	?	?
1518264451.00	41.241274717	-8.562212733	108.8	12.501	357.90	1.5	?	?
1518264452.00	41.241385583	-8.562219283	107.3	12.450	358.30	1.5	?	?
1518264453.00	41.241498400	-8.562227817	106.2	12.501	357.90	1.5	?	?
1518264454.00	41.241608367	-8.562231117	106.2	12.038	357.60	1.6	?	?
1518264455.00	41.241726067	-8.562257200	106.2	12.450	350.50	1.6	?	?
1518264456.00	41.241833183	-8.562282583	106.9	12.192	346.10	1.6	?	?
1518264457.00	41.241939533	-8.562316200	106.8	11.987	344.10	1.6	?	?
1518264458.00	41.242038500	-8.562354600	106.2	11.524	342.90	1.6	?	?
1518264459.00	41.242132750	-8.562389833	105.6	10.855	344.10	1.6	?	?
1518264460.00	41.242215867	-8.562410867	105.3	9.414	350.90	1.6	?	?
1518264461.00	41.242303867	-8.562405550	104.9	9.363	6.60	1.5	?	?
1518264462.00	41.242396517	-8.562369900	104.3	10.443	21.00	1.5	?	?
1518264463.00	41.242477650	-8.562311317	104.7	10.958	31.40	1.5	?	?
1518264464.00	41.242553917	-8.562239417	104.9	11.215	37.70	1.5	?	?
1518264465.00	41.242621667	-8.562150483	105.4	11.472	45.60	1.5	?	?
1518264466.00	41.242688683	-8.562034200	105.6	11.626	57.60	1.5	?	?
1518264467.00	41.242732033	-8.561896150	106.0	12.295	71.80	2.8	?	?
1518264468.00	41.242762033	-8.561739133	106.3	13.684	78.70	1.5	?	?
1518264469.00	41.242790667	-8.561563283	106.7	15.536	79.40	2.8	?	?
1518264470.00	41.242822617	-8.561365233	106.9	17.440	78.20	2.8	?	?
1518264471.00	41.242857800	-8.561157783	106.9	18.108	77.80	2.8	?	?
1518264472.00	41.242892933	-8.560953733	106.8	17.594	77.70	2.8	?	?
1518264473.00	41.242928550	-8.560753050	106.9	17.080	77.10	2.8	?	?
1518264474.00	41.242964967	-8.560557833	107.4	16.617	76.70	2.8	?	?
1518264475.00	41.243000517	-8.560367817	108.0	16.051	76.50	2.8	?	?
1518264476.00	41.243033767	-8.560190533	108.6	14.970	77.10	2.8	?	?
1518264477.00	41.243065367	-8.560024333	109.7	13.839	77.20	2.8	?	?
1518264478.00	41.243094733	-8.559870433	110.7	12.913	77.30	2.8	?	?
1518264479.00	41.243123783	-8.559724183	112.0	12.398	76.60	2.8	?	?
1518264480.00	41.243154417	-8.559580250	113.4	12.347	75.10	2.8	?	?
1518264481.00	41.243186867	-8.559437767	114.7	12.398	74.10	2.8	?	?
1518264482.00	41.243219783	-8.559294583	116.2	12.501	74.40	2.8	?	?
1518264483.00	41.243251500	-8.559151300	117.6	12.552	75.10	2.8	?	?
1518264484.00	41.243280050	-8.559009450	118.9	12.347	76.30	2.8	?	?
1518264485.00	41.243305267	-8.558870617	120.3	11.884	76.80	2.8	?	?
1518264486.00	41.243323533	-8.558745917	117.7	11.524	75.50	2.8	?	?
1518264487.00	41.243342600	-8.558619117	115.5	11.421	74.70	2.2	?	?
1518264488.00	41.243363850	-8.558487400	114.5	11.472	74.70	2.2	?	?
1518264489.00	41.243387717	-8.558351383	114.8	11.678	75.20	2.2	?	?
1518264490.00	41.243411850	-8.558215467	114.9	11.781	75.10	2.2	?	?
1518264491.00	41.243435183	-8.558076933	115.3	11.935	76.40	2.2	?	?
1518264492.00	41.243457417	-8.557935017	116.2	12.089	78.20	2.2	?	?
1518264493.00	41.243477867	-8.557791967	117.0	12.295	79.20	2.2	?	?
1518264494.00	41.243500033	-8.557650133	117.5	12.244	78.00	2.7	?	?
1518264495.00	41.243523950	-8.557505900	118.8	12.192	77.40	2.7	?	?
1518264496.00	41.243548983	-8.557361133	120.2	12.244	77.10	2.7	?	?
1518264497.00	41.243574350	-8.557216417	121.6	12.244	76.80	2.7	?	?
1518264498.00	41.243600717	-8.557071200	122.8	12.347	76.40	2.7	?	?
1518264499.00	41.243626433	-8.556922233	123.8	12.604	76.70	2.7	?	?
1518264500.00	41.243651767	-8.556773650	124.3	12.707	76.80	2.2	?	?
1518264501.00	41.243676000	-8.556624450	124.5	12.758	77.30	2.2	?	?
1518264502.00	41.243700550	-8.556476167	124.6	12.707	77.50	2.2	?	?
1518264503.00	41.243726150	-8.556329983	124.6	12.758	77.10	2.2	?	?
1518264504.00	41.243753050	-8.556183567	124.2	12.861	76.50	2.3	?	?
1518264505.00	41.243779750	-8.556035367	123.7	12.964	76.70	2.9	?	?
1518264506.00	41.243807517	-8.555888367	123.3	12.913	76.90	4.5	?	?
1518264507.00	41.243834500	-8.555739283	123.2	12.810	76.80	4.5	?	?
1518264508.00	41.243861700	-8.555592167	123.1	12.655	76.70	4.5	?	?
1518264509.00	41.243887733	-8.555445567	123.3	12.501	77.10	4.5	?	?
1518264510.00	41.243913083	-8.555299717	123.6	12.347	77.00	4.5	?	?
1518264511.00	41.243938083	-8.555154867	124.5	12.141	77.10	2.9	?	?
1518264512.00	41.243962600	-8.555016650	124.9	11.832	76.10	2.9	?	?
1518264513.00	41.243982550	-8.554893750	124.1	10.803	79.50	2.9	?	?
1518264514.00	41.243983783	-8.554775100	124.4	9.620	92.30	2.2	?	?
1518264515.00	41.243960650	-8.554667367	125.9	9.106	113.10	2.2	?	?
1518264516.00	41.243917717	-8.554568150	126.3	9.672	125.30	2.2	?	?
1518264517.00	41.243877467	-8.554472250	125.1	9.466	120.10	2.2	?	?
1518264518.00	41.243856700	-8.554366317	124.2	9.723	100.70	2.2	?	?
1518264519.00	41.243864300	-8.554253317	123.8	10.186	79.40	2.2	?	?
1518264520.00	41.243902883	-8.554152167	122.2	10.392	59.60	2.2	?	?
1518264521.00	41.243966200	-8.554066883	121.3	10.700	41.50	2.2	?	?
1518264522.00	41.244045017	-8.554006633	120.7	10.495	24.00	2.2	?	?
1518264523.00	41.244118067	-8.554017200	113.9	10.752	354.20	12.6	?	?
1518264524.00	41.244202733	-8.554074017	112.2	11.163	332.10	1.5	?	?
1518264525.00	41.244271500	-8.554159750	110.9	11.266	313.50	1.8	?	?
1518264526.00	41.244316750	-8.554280333	109.7	11.472	295.70	2.4	?	?
1518264527.00	41.244325983	-8.554418150	105.7	10.958	278.60	1.6	?	?
1518264528.00	41.244302600	-8.554540867	103.9	10.495	258.10	1.8	?	?
1518264529.00	41.244231517	-8.554641917	102.9	11.009	231.00	2.0	4.2	4.7
1518264530.00	41.244141000	-8.554718783	102.2	11.678	214.40	15.6	25.6	30.0
1518264531.00	41.244058783	-8.554800417	101.1	11.472	217.30	1.9	4.0	4.4
1518264532.00	41.243988750	-8.554907300	100.3	12.089	231.80	1.8	?	?
1518264533.00	41.243937033	-8.555031083	99.5	12.913	244.10	1.8	?	?
1518264534.00	41.243902050	-8.555164733	98.4	12.913	251.80	2.8	?	?
1518264535.00	41.243874950	-8.555302383	97.2	12.450	256.00	1.8	?	?
1518264536.00	41.243865367	-8.555437383	96.9	11.626	260.20	1.2	?	?
1518264537.00	41.243850250	-8.555571550	96.7	11.266	259.00	1.2	?	?
1518264538.00	41.243832517	-8.555703367	96.4	11.215	258.10	1.2	?	?
1518264539.00	41.243813683	-8.555834233	96.1	11.215	257.70	1.2	?	?
1518264540.00	41.243793600	-8.555964950	95.9	11.266	257.20	1.2	?	?
1518264541.00	41.243771833	-8.556102717	96.1	11.524	257.30	1.1	?	?
1518264542.00	41.243750500	-8.556239900	96.0	11.678	257.60	1.1	?	?
1518264543.00	41.243729650	-8.556376650	95.5	11.781	257.90	1.1	?	?
1518264544.00	41.243707550	-8.556515917	95.0	11.987	257.90	1.1	?	?
1518264545.00	41.243685550	-8.556656400	94.3	12.192	257.90	1.2	?	?
1518264546.00	41.243664400	-8.556796550	93.5	12.244	258.20	1.2	?	?
1518264547.00	41.243643017	-8.556938233	92.6	12.244	258.40	1.2	?	?
1518264548.00	41.243622650	-8.557080883	91.5	12.244	258.90	1.2	?	?
1518264549.00	41.243601167	-8.557224567	90.1	12.244	258.20	1.2	?	?
1518264550.00	41.243576183	-8.557370267	88.8	12.501	257.00	1.3	?	?
1518264551.00	41.243548217	-8.557517133	87.6	12.450	256.30	1.3	?	?
1518264552.00	41.243517017	-8.557672867	87.8	12.552	256.60	1.3	?	?
1518264553.00	41.243493817	-8.557814583	86.3	12.347	257.40	1.2	?	?
1518264554.00	41.243469750	-8.557957850	85.0	12.244	257.50	1.2	?	?
1518264555.00	41.243444433	-8.558102050	84.0	12.244	257.10	1.2	?	?
1518264556.00	41.243418767	-8.558245467	83.0	12.244	256.90	1.2	?	?
1518264557.00	41.243394467	-8.558388233	82.0	12.192	257.30	1.2	?	?
1518264558.00	41.243370300	-8.558532883	81.2	12.192	257.80	1.2	?	?
1518264559.00	41.243347300	-8.558674383	80.1	12.141	257.90	1.2	?	?
1518264560.00	41.243322933	-8.558818700	79.5	12.192	257.80	1.2	?	?
1518264561.00	41.243298733	-8.558961617	79.3	11.987	257.90	1.7	?	?
1518264562.00	41.243274233	-8.559104767	80.0	11.832	258.20	1.2	?	?
1518264563.00	41.243245850	-8.559250983	82.2	11.472	257.60	1.1	?	?
1518264564.00	41.243217283	-8.559397683	84.5	11.421	257.10	1.2	?	?
1518264565.00	41.243189633	-8.559547850	86.3	12.398	257.50	1.1	?	?
1518264566.00	41.243158600	-8.559719183	88.5	14.456	258.10	1.1	?	?
1518264567.00	41.243126000	-8.559906083	90.3	16.411	258.30	1.1	?	?
1518264568.00	41.243091783	-8.560113300	91.8	18.263	258.60	1.1	?	?
1518264569.00	41.243054333	-8.560339450	93.4	19.858	258.60	1.8	?	?
1518264570.00	41.243006717	-8.560582883	95.3	21.401	257.70	1.8	?	?
1518264571.00	41.242954617	-8.560843133	96.8	22.841	257.00	1.8	?	?
1518264572.00	41.242905200	-8.561095217	98.7	22.481	256.10	1.8	?	?
1518264573.00	41.242857417	-8.561336600	100.3	21.041	255.00	1.8	?	?
1518264574.00	41.242806417	-8.561557083	101.8	19.034	252.80	1.8	?	?
1518264575.00	41.242762750	-8.561751317	103.1	16.565	251.60	1.8	?	?
1518264576.00	41.242740050	-8.561914133	103.7	13.736	254.20	1.8	?	?
1518264577.00	41.242733367	-8.562054083	103.9	11.626	265.50	1.2	?	?
1518264578.00	41.242742967	-8.562188617	105.1	11.009	276.40	1.3	?	?
1518264579.00	41.242789250	-8.562303600	105.6	10.958	298.40	1.3	?	?
1518264580.00	41.242836633	-8.562428467	106.9	11.318	302.50	1.3	?	?
1518264581.00	41.242870033	-8.562550100	107.1	10.855	290.00	1.2	?	?
1518264582.00	41.242851817	-8.562674167	106.6	10.598	261.30	1.2	?	?
1518264583.00	41.242803033	-8.562789250	106.7	11.215	236.60	1.7	?	?
1518264584.00	41.242705517	-8.562867467	107.0	13.067	210.10	1.8	?	?
1518264585.00	41.242593333	-8.562904533	106.6	14.610	190.40	14.3	24.0	28.0
1518264586.00	41.242470733	-8.562907167	105.5	15.382	178.60	14.3	24.0	28.0
1518264587.00	41.242344500	-8.562885150	103.1	15.330	171.40	14.3	24.0	27.9
1518264588.00	41.242240517	-8.562830083	101.2	14.096	163.40	14.3	24.0	27.9
1518264589.00	41.242257383	-8.562577967	100.2	12.810	127.90	4.7	?	?
1518264590.00	41.242189883	-8.562476517	100.3	11.781	135.80	3.0	?	?
1518264591.00	41.242109533	-8.562399317	101.5	11.472	149.60	1.6	?	?
1518264592.00	41.242015967	-8.562347717	102.3	11.781	161.80	1.7	?	?
1518264593.00	41.241922250	-8.562323833	102.8	11.369	170.70	1.7	?	?
1518264594.00	41.241822267	-8.562302817	103.0	11.626	172.00	1.7	?	?
1518264595.00	41.241717700	-8.562293717	103.5	11.832	172.10	1.8	3.9	4.3
1518264596.00	41.241615483	-8.562282183	105.2	11.729	173.60	1.8	3.9	4.3
1518264597.00	41.241512450	-8.562269883	106.7	11.678	175.10	1.8	3.9	4.3
1518264598.00	41.241410183	-8.562257517	108.3	11.729	176.30	1.1	?	?
1518264599.00	41.241309000	-8.562251217	110.0	11.626	178.20	1.1	?	?
1518264600.00	41.241205867	-8.562246217	111.7	11.524	179.00	1.1	?	?
1518264601.00	41.241101683	-8.562241567	112.7	11.575	179.30	1.1	?	?
1518264602.00	41.240999517	-8.562236600	114.2	11.575	178.70	1.1	?	?
1518264603.00	41.240899717	-8.562230800	116.5	11.678	178.20	1.1	?	?
1518264604.00	41.240793950	-8.562226300	116.9	11.781	178.50	1.1	?	?
1518264605.00	41.240688983	-8.562222483	117.8	11.884	178.40	1.1	?	?
1518264606.00	41.240582367	-8.562218150	118.3	11.884	178.30	1.1	?	?
1518264607.00	41.240476633	-8.562221483	118.3	11.678	182.70	1.1	?	?
1518264608.00	41.240373967	-8.562239467	118.2	11.318	189.40	2.0	4.3	4.7
1518264609.00	41.240274567	-8.562273217	118.0	11.163	196.70	1.8	3.9	4.3
1518264610.00	41.240178267	-8.562322133	117.6	11.266	203.30	1.8	3.9	4.3
1518264611.00	41.240085283	-8.562389817	116.7	11.575	211.90	2.0	4.3	4.7
1518264612.00	41.239999200	-8.562478183	116.0	11.987	219.50	2.0	4.3	4.7
1518264613.00	41.239920783	-8.562577967	115.2	12.141	225.30	2.0	4.3	4.7
1518264614.00	41.239848533	-8.562689033	114.6	12.347	229.70	2.0	4.3	4.7
1518264615.00	41.239781017	-8.562802650	113.8	12.192	232.60	2.0	4.3	4.7
1518264616.00	41.239716917	-8.562918183	113.1	11.987	234.10	1.9	?	?
1518264617.00	41.239656583	-8.563034767	112.1	11.832	235.80	1.3	?	?
1518264618.00	41.239599583	-8.563152317	110.9	11.832	237.90	1.3	?	?
1518264619.00	41.239547150	-8.563272850	109.8	11.729	240.60	7.7	?	?
1518264620.00	41.239496367	-8.563402717	109.1	11.935	243.00	1.9	?	?
1518264621.00	41.239451583	-8.563530883	108.7	11.781	245.70	1.9	?	?
1518264622.00	41.239409267	-8.563665517	107.8	12.089	248.60	2.0	4.3	4.7
1518264623.00	41.239371100	-8.563792333	105.5	11.832	250.80	2.0	4.3	4.7
1518264629.00	41.239334050	-8.563920050	105.1	?	?	13.6	23.1	26.8
1518264630.00	41.239934017	-8.564777300	107.6	24.488	341.20	36.0	0.1	36.0
1518264631.00	41.239123250	-8.564902117	106.3	8.951	251.70	3.4	0.0	3.4
1518264632.00	41.239103567	-8.565026400	107.2	12.758	248.80	3.4	0.0	3.4
1518264633.00	41.239054850	-8.565145250	107.3	5.196	244.20	3.4	0.0	3.4
1518264634.00	41.239028433	-8.565248417	107.3	13.067	250.80	3.4	0.0	3.4
1518264635.00	41.238959833	-8.565418833	106.3	7.871	249.00	3.4	0.0	3.4
1518264636.00	41.238950517	-8.565485117	107.2	8.643	246.80	3.4	0.0	3.4
1518264637.00	41.238923583	-8.565578083	106.7	6.894	247.30	3.4	0.0	3.4
1518264638.00	41.238905567	-8.565656633	107.2	5.042	262.70	3.4	0.0	3.4
1518264639.00	41.238863283	-8.565745983	105.4	2.624	45.60	3.4	0.0	3.4
1518264640.00	41.238866633	-8.565737383	103.7	0.257	16.30	3.4	0.0	3.4
1518264641.00	41.238871783	-8.565729183	103.6	0.977	234.50	3.4	0.0	3.4
1518264642.00	41.238867817	-8.565755283	104.1	0.309	104.20	3.4	0.0	3.4
1518264643.00	41.238872467	-8.565669850	103.2	3.138	95.80	3.4	0.0	3.4
1518264644.00	41.238868733	-8.565642300	101.2	2.932	152.10	1.3	?	?
1518264645.00	41.238856583	-8.565623567	103.5	2.418	153.00	13.2	22.6	26.2
1518264646.00	41.238854000	-8.565610950	104.5	1.183	163.20	13.2	22.6	26.2
1518264647.00	41.238862133	-8.565604850	106.8	0.875	51.50	1.9	?	?
1518264648.00	41.238867700	-8.565594267	108.6	1.029	46.80	1.9	?	?
1518264649.00	41.238882267	-8.565579267	110.7	2.006	43.00	1.7	?	?
1518264650.00	41.238905183	-8.565549000	112.8	3.807	45.70	1.7	?	?
1518264651.00	41.238938950	-8.565511667	114.5	5.350	44.30	1.7	?	?
1518264652.00	41.238969000	-8.565459367	115.5	6.019	50.10	1.9	?	?
1518264653.00	41.238997300	-8.565383333	115.3	7.511	59.00	1.9	?	?
1518264654.00	41.239031117	-8.565296867	117.0	8.540	63.20	1.9	?	?
1518264655.00	41.239082900	-8.565163983	118.0	12.192	64.20	4.6	?	?
1518264656.00	41.239132933	-8.565037483	119.2	13.015	63.20	4.6	?	?
1518264657.00	41.239176250	-8.564917900	119.9	12.192	63.60	4.6	?	?
1518264658.00	41.239203767	-8.564775983	120.6	12.244	68.90	7.0	?	?
1518264659.00	41.239240367	-8.564642483	123.8	12.192	69.80	2.7	?	?
1518264660.00	41.239277650	-8.564510267	124.7	12.192	70.90	3.0	?	?
1518264661.00	41.239294433	-8.564374400	119.0	12.347	73.00	4.0	?	?
1518264662.00	41.239324833	-8.564223483	119.9	12.707	74.40	4.0	?	?
1518264663.00	41.239351283	-8.564058000	120.5	13.376	76.00	4.0	?	?
1518264664.00	41.239382717	-8.563818883	120.7	16.359	78.30	4.0	?	?
1518264665.00	41.239402800	-8.563638433	120.7	16.205	79.40	4.0	?	?
1518264666.00	41.239349083	-8.563450583	117.5	15.536	89.30	4.0	?	?
1518264667.00	41.239318400	-8.563283667	115.8	14.816	96.20	4.0	?	?
1518264668.00	41.239355017	-8.563136750	116.9	14.610	86.80	3.8	?	?
1518264669.00	41.239394833	-8.562987017	116.9	14.456	78.60	3.8	?	?
1518264670.00	41.239481033	-8.562906033	119.4	12.604	62.30	3.8	?	?
1518264671.00	41.239566383	-8.562816883	121.8	12.450	54.60	3.3	?	?
1518264672.00	41.239651967	-8.562725467	123.9	12.501	51.90	4.1	?	?
1518264673.00	41.239732917	-8.562625017	125.5	12.552	51.10	4.1	?	?
1518264674.00	41.239812667	-8.562519817	126.8	12.707	49.70	4.1	?	?
1518264675.00	41.239893867	-8.562414333	127.7	12.810	47.00	4.1	?	?
1518264676.00	41.239991450	-8.562362533	125.2	12.655	41.00	3.9	?	?
1518264677.00	41.240082583	-8.562276567	124.8	12.655	35.40	3.9	?	?
1518264678.00	41.240183483	-8.562212150	123.8	12.655	28.10	3.9	?	?
1518264679.00	41.240296917	-8.562162367	125.6	12.810	18.90	3.2	?	?
1518264680.00	41.240407750	-8.562126383	126.1	12.810	11.50	1.6	?	?
1518264681.00	41.240521517	-8.562111183	126.1	12.810	5.30	1.8	?	?
1518264682.00	41.240614983	-8.562164067	114.2	12.604	2.50	1.5	?	?
1518264683.00	41.240738800	-8.562170283	114.7	12.707	359.40	1.5	?	?
1518264684.00	41.240857583	-8.562177333	114.9	12.707	358.10	1.5	?	?
1518264685.00	41.240972883	-8.562184200	114.5	12.707	358.00	1.5	?	?
1518264686.00	41.241086633	-8.562190550	113.8	12.604	358.10	1.5	?	?
1518264687.00	41.241199433	-8.562195250	113.2	12.552	358.90	1.5	?	?
1518264688.00	41.241313900	-8.562199517	112.3	12.655	359.10	1.5	?	?
1518264689.00	41.241427733	-8.562203150	111.4	12.861	358.60	1.5	?	?
1518264690.00	41.241538900	-8.562211067	110.8	12.450	356.70	1.5	?	?
1518264691.00	41.241654500	-8.562227617	110.3	12.398	353.10	1.6	?	?
1518264692.00	41.241765633	-8.562251750	109.6	12.295	349.10	1.6	?	?
1518264693.00	41.241881467	-8.562280367	108.8	12.398	346.90	1.6	?	?
1518264694.00	41.241990417	-8.562315783	108.0	12.141	344.70	1.6	?	?
1518264695.00	41.242092650	-8.562351917	107.1	11.421	344.50	1.6	?	?
1518264696.00	41.242183833	-8.562381983	106.5	10.135	346.50	1.6	?	?
1518264697.00	41.242264333	-8.562400350	106.1	8.746	352.70	2.2	?	?
1518264698.00	41.242343983	-8.562389883	106.0	8.694	11.20	1.6	?	?
1518264699.00	41.242423383	-8.562344750	105.9	9.980	27.90	1.6	?	?
1518264700.00	41.242508083	-8.562287633	106.0	11.112	30.70	1.6	?	?
1518264701.00	41.242592967	-8.562215150	106.0	11.884	34.20	1.6	?	?
1518264702.00	41.242664283	-8.562116500	106.2	12.398	45.80	1.9	?	?
1518264703.00	41.242723317	-8.561986550	106.3	13.015	61.60	1.6	?	?
1518264704.00	41.242762567	-8.561826317	106.1	14.765	74.00	1.5	?	?
1518264705.00	41.242795783	-8.561639500	105.4	16.977	78.20	1.5	?	?
1518264706.00	41.242827933	-8.561423217	104.4	19.343	78.80	1.6	?	?
1518264707.00	41.242862883	-8.561192083	102.9	20.475	78.70	1.6	?	?
1518264708.00	41.242897950	-8.560962983	101.4	19.960	79.00	1.6	?	?
1518264709.00	41.242932500	-8.560736950	99.8	19.497	79.00	12.7	?	?
1518264710.00	41.242967800	-8.560519883	98.2	18.674	78.60	15.4	?	?
1518264711.00	41.243000183	-8.560311917	96.6	17.748	78.90	12.5	?	?
1518264712.00	41.243029883	-8.560113483	94.6	16.771	78.60	12.4	?	?
1518264713.00	41.243055983	-8.559927900	92.4	15.536	79.00	12.3	?	?
1518264714.00	41.243079100	-8.559757617	89.9	14.199	79.10	12.3	?	?
1518264715.00	41.243107250	-8.559601567	89.3	13.067	78.30	3.9	?	?
1518264716.00	41.243133233	-8.559455483	88.9	12.192	77.90	3.9	?	?
1518264717.00	41.243158050	-8.559308433	88.5	12.501	76.90	3.9	?	?
1518264718.00	41.243184767	-8.559156300	88.0	13.015	76.70	3.9	?	?
1518264719.00	41.243207467	-8.559008333	87.5	12.450	78.30	3.9	?	?
1518264720.00	41.243231867	-8.558867300	88.1	11.626	77.70	3.9	?	?
1518264721.00	41.243255900	-8.558728267	89.1	11.369	77.50	3.9	?	?
1518264722.00	41.243279717	-8.558592200	89.8	11.318	76.70	3.9	?	?
1518264723.00	41.243303700	-8.558455017	90.2	11.472	76.40	3.9	?	?
1518264724.00	41.243329117	-8.558318567	90.8	11.678	76.00	1.6	?	?
1518264725.00	41.243354333	-8.558179450	91.5	11.935	76.70	1.6	?	?
1518264726.00	41.243382683	-8.558038767	93.1	12.089	76.10	1.6	?	?
1518264727.00	41.243409350	-8.557894800	94.6	12.192	76.90	1.6	?	?
1518264728.00	41.243434583	-8.557753717	94.9	12.347	77.00	1.6	?	?
1518264729.00	41.243456850	-8.557612133	94.9	12.347	78.00	1.6	?	?
1518264730.00	41.243479400	-8.557472833	96.1	12.347	78.50	1.6	?	?
1518264731.00	41.243503683	-8.557328617	96.9	12.450	77.90	1.6	?	?
1518264732.00	41.243527967	-8.557180667	97.8	12.501	77.40	1.5	?	?
1518264733.00	41.243552883	-8.557029250	98.5	12.707	77.00	1.5	?	?
1518264734.00	41.243578350	-8.556875650	99.1	12.964	77.10	2.1	?	?
1518264735.00	41.243605600	-8.556722033	100.5	12.964	77.40	2.1	?	?
1518264736.00	41.243629917	-8.556572083	100.4	12.964	77.90	3.9	?	?
1518264737.00	41.243651350	-8.556424550	98.8	13.015	77.80	3.9	?	?
1518264738.00	41.243676983	-8.556274000	98.1	12.964	76.30	2.1	?	?
1518264739.00	41.243703467	-8.556123167	97.2	13.067	75.70	2.1	?	?
1518264740.00	41.243729117	-8.555969283	96.4	13.118	76.50	2.1	?	?
1518264741.00	41.243753467	-8.555819000	95.0	13.015	76.90	3.9	?	?
1518264742.00	41.243777633	-8.555669683	93.7	12.913	77.20	3.9	?	?
1518264743.00	41.243803383	-8.555521033	93.0	12.758	77.00	3.9	?	?
1518264744.00	41.243828017	-8.555373317	92.7	12.552	77.20	3.9	?	?
1518264745.00	41.243852100	-8.555225267	92.9	12.398	78.10	3.9	?	?
1518264746.00	41.243876000	-8.555083083	93.3	11.935	77.90	3.9	?	?
1518264747.00	41.243896883	-8.554955867	93.5	10.546	78.20	3.9	?	?
1518264748.00	41.243904500	-8.554844783	93.5	9.106	86.40	2.1	?	?
1518264749.00	41.243890250	-8.554744067	93.2	8.385	104.80	2.1	?	?
1518264750.00	41.243856650	-8.554646917	94.7	8.848	122.80	2.1	?	?
1518264751.00	41.243811767	-8.554552517	94.7	9.414	125.60	2.1	?	?
1518264752.00	41.243782050	-8.554454667	94.5	9.569	110.40	1.5	?	?
1518264753.00	41.243781433	-8.554338317	95.0	10.340	87.90	1.5	?	?
1518264754.00	41.243806367	-8.554225850	94.3	10.803	70.70	1.6	?	?
1518264755.00	41.243861750	-8.554131633	93.6	10.855	52.20	1.6	?	?
1518264756.00	41.243939700	-8.554067017	93.1	10.700	33.10	1.6	?	?
1518264757.00	41.244046600	-8.554036550	99.0	10.855	13.20	3.0	?	?
1518264758.00	41.244149667	-8.554079850	98.2	11.935	348.20	1.6	?	?
1518264759.00	41.244229250	-8.554144233	97.3	12.038	329.20	1.6	?	?
1518264760.00	41.244295483	-8.554236450	96.6	11.987	312.50	1.7	3.9	4.3
1518264761.00	41.244354433	-8.554345650	97.0	11.781	302.30	3.4	4.0	5.3
1518264762.00	41.244396217	-8.554459567	96.4	11.009	293.90	3.4	4.0	5.3
1518264763.00	41.244411750	-8.554571783	95.3	9.826	283.30	3.4	4.0	5.3
1518264764.00	41.244401583	-8.554661167	95.1	7.768	268.90	3.4	4.0	5.3
1518264765.00	41.244328400	-8.554740450	96.3	7.665	239.90	3.4	4.0	5.3
1518264766.00	41.244246683	-8.554825467	97.0	9.363	228.50	3.4	4.0	5.3
1518264767.00	41.244194267	-8.554942367	96.9	11.781	239.90	18.4	7.3	19.8
1518264768.00	41.244135100	-8.555094067	97.0	14.970	247.70	18.4	7.3	19.8
1518264769.00	41.244079783	-8.555269917	97.3	16.925	251.10	1.4	?	?
1518264770.00	41.244052750	-8.555453383	97.4	16.822	257.30	1.1	?	?
1518264771.00	41.244006233	-8.555646083	98.3	17.028	257.40	1.1	?	?
1518264772.00	41.243956500	-8.555846750	99.4	17.440	257.50	1.1	?	?
1518264773.00	41.243908717	-8.556052833	100.1	17.903	257.70	1.7	3.9	4.3
1518264774.00	41.243861650	-8.556264033	100.8	18.160	257.40	1.7	3.9	4.3
1518264775.00	41.243821100	-8.556473300	101.4	17.954	256.10	1.7	3.9	4.3
1518264776.00	41.243779617	-8.556679933	101.7	17.851	255.80	1.7	3.9	4.3
1518264777.00	41.243737650	-8.556884700	101.8	17.697	255.50	3.4	4.0	5.3
1518264778.00	41.243695467	-8.557087733	101.8	17.543	255.10	1.7	3.9	4.3
1518264779.00	41.243653917	-8.557290867	101.2	17.594	255.10	1.1	?	?
1518264780.00	41.243600483	-8.557495000	99.6	17.851	257.10	1.1	?	?
1518264781.00	41.243538317	-8.557704217	98.0	18.314	257.30	1.1	?	?
1518264782.00	41.243477617	-8.557918233	96.4	18.674	257.10	1.1	?	?
1518264783.00	41.243426800	-8.558137700	95.1	19.086	257.10	1.1	?	?
1518264784.00	41.243381550	-8.558362833	93.8	19.549	257.10	1.1	?	?
1518264785.00	41.243338217	-8.558592633	92.5	19.909	257.10	1.1	?	?
1518264786.00	41.243295283	-8.558827033	91.2	20.321	257.10	1.1	?	?
1518264787.00	41.243252033	-8.559066267	90.5	20.732	257.50	1.0	?	?
1518264788.00	41.243210350	-8.559311067	91.2	21.092	258.20	1.1	?	?
1518264789.00	41.243170283	-8.559550083	92.3	20.629	257.60	1.1	?	?
1518264790.00	41.243129267	-8.559785733	93.4	20.166	257.00	1.1	?	?
1518264791.00	41.243088117	-8.560019233	94.6	20.012	256.80	1.1	?	?
1518264792.00	41.243047967	-8.560250533	95.7	19.858	257.10	1.1	?	?
1518264793.00	41.243007933	-8.560478767	96.9	19.549	257.30	1.1	?	?
1518264794.00	41.242963867	-8.560701267	98.4	19.189	256.10	1.1	?	?
1518264795.00	41.242924300	-8.560913983	99.9	18.263	255.90	1.1	?	?
1518264796.00	41.242886967	-8.561122467	100.7	17.645	255.70	1.9	4.5	4.8
1518264797.00	41.242849317	-8.561318017	101.4	16.771	255.10	1.7	3.9	4.2
1518264798.00	41.242814100	-8.561499967	102.3	15.691	254.50	1.7	3.9	4.2
1518264799.00	41.242781150	-8.561667767	103.0	14.353	253.60	1.7	3.9	4.2
1518264800.00	41.242753883	-8.561816767	103.7	12.810	252.60	3.5	4.0	5.3
1518264801.00	41.242739600	-8.561945750	103.9	11.009	253.20	17.3	7.0	18.7
1518264802.00	41.242744300	-8.562057500	104.0	9.569	258.80	17.3	7.0	18.7
1518264803.00	41.242744117	-8.562177517	105.8	9.517	265.50	3.5	4.0	5.3
1518264804.00	41.242793467	-8.562287983	107.1	9.466	280.90	3.5	4.0	5.3
1518264805.00	41.242834500	-8.562393750	107.2	9.620	288.00	3.5	4.0	5.3
1518264806.00	41.242875917	-8.562500117	106.7	9.929	291.60	3.5	4.0	5.3
1518264807.00	41.242910017	-8.562606617	105.2	9.723	290.80	3.5	4.0	5.3
1518264808.00	41.242906983	-8.562710383	103.3	8.643	283.10	2.2	?	?
1518264809.00	41.242813817	-8.562812933	102.9	7.922	251.00	1.4	?	?
1518264810.00	41.242683483	-8.562883650	107.1	11.266	205.30	1.4	?	?
1518264811.00	41.242582850	-8.562900617	107.6	12.295	185.20	1.4	?	?
1518264812.00	41.242478417	-8.562889117	107.0	12.707	172.30	1.9	4.5	4.8
1518264813.00	41.242372583	-8.562853217	105.4	13.067	163.50	1.9	4.5	4.9
1518264814.00	41.242323283	-8.562712100	105.3	12.707	133.20	1.9	4.5	4.8
1518264815.00	41.242261433	-8.562609500	106.2	12.707	124.50	1.9	?	?
1518264816.00	41.242193000	-8.562504600	105.5	12.038	130.90	1.9	?	?
1518264817.00	41.242100867	-8.562428067	105.9	11.781	146.80	1.8	?	?
1518264818.00	41.241986617	-8.562379983	106.9	12.964	162.20	4.5	17.3	17.9
1518264819.00	41.241856283	-8.562338750	107.3	14.507	168.50	4.5	17.3	17.9
1518264820.00	41.241723417	-8.562299250	107.9	15.125	169.90	4.5	17.3	17.9
1518264821.00	41.241584700	-8.562271183	107.0	15.125	173.30	4.5	17.3	17.9
1518264822.00	41.241447950	-8.562257917	106.0	15.176	176.50	1.4	?	?
1518264823.00	41.241318567	-8.562247733	108.1	14.970	178.40	1.4	?	?
1518264824.00	41.241188983	-8.562241300	109.0	14.816	179.10	1.4	?	?
1518264825.00	41.241056800	-8.562239533	110.3	14.919	179.70	1.4	?	?
1518264826.00	41.240928700	-8.562236350	111.1	14.507	179.20	1.4	?	?
1518264827.00	41.240807433	-8.562234083	111.8	13.736	179.40	1.4	?	?
1518264828.00	41.240693433	-8.562228283	113.1	12.913	178.40	1.4	?	?
1518264829.00	41.240579383	-8.562226300	114.2	12.913	178.60	1.4	?	?
1518264830.00	41.240455367	-8.562243050	114.8	13.736	183.80	12.9	?	?
1518264831.00	41.240331117	-8.562284100	117.2	14.250	191.20	1.4	?	?
1518264832.00	41.240201700	-8.562343667	117.4	15.228	199.90	1.4	?	?
1518264833.00	41.240081083	-8.562421717	117.0	15.536	207.80	1.4	?	?
1518264834.00	41.239966917	-8.562523483	117.4	15.485	215.80	1.4	?	?
1518264835.00	41.239863483	-8.562635950	118.3	15.433	222.40	1.4	?	?
1518264836.00	41.239775117	-8.562788533	115.2	16.308	230.50	1.4	?	?
1518264837.00	41.239691233	-8.562939233	113.2	17.080	234.90	7.8	?	?
1518264838.00	41.239602867	-8.563108983	112.0	18.211	237.20	7.8	?	?
1518264839.00	41.239521350	-8.563295767	109.8	18.829	240.30	7.8	?	?
1518264840.00	41.239445517	-8.563492267	107.4	19.240	243.20	7.8	?	?
1518264841.00	41.239375633	-8.563699150	105.2	19.652	245.90	7.8	?	?
1518264842.00	41.239315767	-8.563920267	101.8	20.732	249.30	7.8	?	?
1518264843.00	41.239260450	-8.564153733	99.2	21.247	251.80	7.8	?	?
1518264844.00	41.239188500	-8.564422917	101.0	21.864	252.50	10.5	?	?
1518264845.00	41.239122133	-8.564669033	98.5	21.812	251.70	10.5	?	?
1518264846.00	41.239075617	-8.564889183	96.6	20.886	251.80	7.8	?	?
1518264847.00	41.239024517	-8.565113467	94.5	20.269	250.50	7.8	?	?
1518264848.00	41.238971750	-8.565316333	92.4	19.652	248.60	7.8	?	?
1518264849.00	41.238918050	-8.565492067	90.5	18.160	246.20	7.8	?	?
1518264850.00	41.238889700	-8.565527817	88.2	12.913	238.10	10.4	19.2	21.8
1518264855.00	41.238848217	-8.565592967	82.2	?	?	10.4	19.2	21.8
1518264856.00	41.238803267	-8.565674533	76.6	1.389	79.20	28.4	?	?
1518264863.00	41.238807917	-8.565663300	76.3	?	?	28.3	?	?
1518264864.00	41.238806133	-8.565680633	73.8	1.338	197.30	1.8	4.5	4.9
1518264865.00	41.238792250	-8.565659333	74.8	2.315	148.50	1.8	4.5	4.9
1518264866.00	41.238795083	-8.565629767	82.8	2.521	114.60	1.8	?	?
1518264867.00	41.238794600	-8.565616233	84.4	1.852	100.60	1.4	?	?
1518264868.00	41.238804900	-8.565597450	87.8	1.492	80.00	7.7	?	?
1518264869.00	41.238821967	-8.565575733	91.0	1.646	51.30	2.2	?	?
1518264870.00	41.238846950	-8.565552817	93.5	2.315	32.60	7.7	?	?
1518264871.00	41.238869600	-8.565524300	94.0	2.829	39.10	7.7	?	?
1518264872.00	41.238893700	-8.565478967	93.6	3.550	50.70	1.4	?	?
1518264873.00	41.238991200	-8.565271517	89.2	10.958	56.90	1.4	?	?
1518264874.00	41.239057700	-8.565148967	89.6	12.913	56.70	1.8	4.5	4.9
1518264875.00	41.239122467	-8.565018500	90.2	13.427	57.30	8.2	?	?
1518264876.00	41.239178833	-8.564864767	90.6	14.610	61.40	8.2	?	?
1518264877.00	41.239221467	-8.564671550	91.1	16.617	68.00	3.0	?	?
1518264882.00	41.239272733	-8.564470467	91.5	?	?	3.9	?	?
1518264883.00	41.239539183	-8.563303133	90.2	22.687	71.90	4.8	1.0	4.9
1518264884.00	41.239590117	-8.562987233	87.8	23.613	72.00	4.6	1.0	4.8
1518264885.00	41.239703383	-8.562799750	89.0	21.092	59.60	4.6	1.0	4.8
1518264886.00	41.239811867	-8.562607250	88.7	20.115	53.10	4.6	1.0	4.8
1518264887.00	41.239934217	-8.562441933	88.3	18.983	45.70	4.7	1.0	4.8
1518264888.00	41.240068117	-8.562302150	87.5	18.417	38.40	4.7	1.0	4.8
1518264889.00	41.240251350	-8.562241867	89.4	18.777	23.70	1.8	3.9	4.2
1518264890.00	41.240433850	-8.562203150	89.6	20.166	9.30	1.6	?	?
1518264891.00	41.240616750	-8.562196400	88.7	20.835	0.10	3.8	?	?
1518264892.00	41.240808883	-8.562189817	88.0	21.710	357.00	4.0	?	?
1518264893.00	41.241007167	-8.562191850	87.2	22.275	357.00	4.0	?	?
1518264894.00	41.241213183	-8.562203217	86.2	22.790	356.50	4.4	?	?
1518264895.00	41.241415650	-8.562215917	85.0	22.944	356.70	4.7	?	?
1518264896.00	41.241617100	-8.562243367	84.0	22.738	354.20	4.7	?	?
1518264897.00	41.241806667	-8.562278650	83.5	21.967	350.40	2.8	?	?
1518264898.00	41.241971550	-8.562331267	86.0	19.137	345.60	2.8	?	?
1518264899.00	41.242111217	-8.562385917	85.7	15.948	344.70	4.3	?	?
1518264900.00	41.242230100	-8.562409467	88.7	12.810	352.40	2.8	?	?
1518264901.00	41.242342550	-8.562396583	90.7	12.038	8.50	2.8	?	?
1518264902.00	41.242464767	-8.562330883	92.2	13.941	26.50	2.8	?	?
1518264903.00	41.242589550	-8.562229433	98.5	15.536	37.90	2.8	?	?
1518264904.00	41.242681550	-8.562091317	102.0	16.154	51.90	1.7	?	?
1518264905.00	41.242749150	-8.561911017	103.7	17.543	67.20	2.8	?	?
1518264906.00	41.242791667	-8.561693533	104.1	19.909	75.80	4.4	?	?
1518264907.00	41.242832767	-8.561450167	104.1	21.812	78.90	2.8	?	?
1518264908.00	41.242878250	-8.561197800	105.0	22.687	79.60	2.8	?	?
1518264909.00	41.242927167	-8.560932450	106.0	23.716	79.10	2.8	?	?
1518264910.00	41.242980367	-8.560656850	106.6	24.539	77.60	2.8	?	?
1518264911.00	41.243031500	-8.560377117	106.8	24.590	77.40	2.8	?	?
1518264912.00	41.243080767	-8.560093200	106.2	24.539	77.00	2.8	?	?
1518264913.00	41.243127733	-8.559807533	105.3	24.488	77.10	2.8	?	?
1518264914.00	41.243175433	-8.559521800	104.3	24.488	76.80	2.8	?	?
1518264915.00	41.243223733	-8.559235267	103.1	24.642	76.60	2.8	?	?
1518264916.00	41.243268750	-8.558943717	102.5	25.105	77.50	2.8	?	?
1518264917.00	41.243311233	-8.558666450	103.3	24.025	78.40	2.8	?	?
1518264918.00	41.243357733	-8.558401533	105.1	22.790	76.90	1.5	?	?
1518264919.00	41.243401067	-8.558136633	106.5	22.378	76.60	1.5	?	?
1518264920.00	41.243442883	-8.557875017	107.6	22.173	77.00	1.5	?	?
1518264921.00	41.243484000	-8.557619867	108.5	22.018	77.30	1.5	?	?
1518264922.00	41.243525467	-8.557365600	109.5	21.864	77.10	1.5	?	?
1518264923.00	41.243568633	-8.557113317	110.7	21.504	76.30	1.5	?	?
1518264924.00	41.243610533	-8.556858500	110.7	21.658	76.30	1.5	?	?
1518264925.00	41.243652000	-8.556602233	109.9	22.070	77.00	3.7	?	?
1518264926.00	41.243691817	-8.556347800	108.4	21.915	77.40	3.7	?	?
1518264927.00	41.243729817	-8.556095433	105.4	21.710	77.50	3.7	?	?
1518264928.00	41.243770283	-8.555846367	102.9	21.504	77.00	3.7	?	?
1518264929.00	41.243811483	-8.555609400	100.8	20.372	76.80	3.7	?	?
1518264930.00	41.243850567	-8.555387133	99.3	18.880	76.80	3.7	?	?
1518264931.00	41.243886567	-8.555185600	98.9	16.874	76.80	3.7	?	?
1518264932.00	41.243914883	-8.555012450	99.1	14.044	78.70	3.7	?	?
1518264933.00	41.243923483	-8.554867767	98.6	11.318	87.30	4.3	?	?
1518264934.00	41.243905100	-8.554741133	97.7	9.826	103.70	4.3	?	?
1518264935.00	41.243861933	-8.554629367	96.8	9.826	120.80	4.3	?	?
1518264936.00	41.243812933	-8.554520867	95.7	10.237	123.30	4.3	?	?
1518264937.00	41.243788900	-8.554395700	95.1	11.061	102.00	4.3	?	?
1518264938.00	41.243802450	-8.554259100	93.8	12.347	77.50	4.3	?	?
1518264939.00	41.243861133	-8.554148717	91.5	12.964	53.60	4.2	?	?
1518264940.00	41.243954250	-8.554061817	90.9	13.273	33.20	4.2	?	?
1518264941.00	41.244057500	-8.554026483	89.7	12.347	12.80	4.2	?	?
1518264942.00	41.244162250	-8.554069617	88.1	12.192	344.20	4.2	?	?
1518264943.00	41.244262000	-8.554229500	90.2	14.507	312.10	3.7	?	?
1518264944.00	41.244311750	-8.554374800	88.5	14.456	294.10	5.0	?	?
1518264945.00	41.244333250	-8.554527383	90.9	13.941	276.00	1.6	?	?
1518264946.00	41.244348983	-8.554654500	102.7	12.810	262.80	21.2	7.0	22.3
1518264947.00	41.244322700	-8.554772167	100.9	11.575	251.20	17.1	1.0	17.1
1518264948.00	41.244268300	-8.554883117	100.4	11.421	239.10	21.1	7.0	22.2
1518264949.00	41.244205867	-8.555045367	101.4	14.302	241.20	17.0	1.0	17.0
1518264950.00	41.244149783	-8.555237150	105.3	18.983	250.20	17.0	1.0	17.0
1518264951.00	41.244077300	-8.555467500	106.6	22.430	253.70	17.0	1.0	17.0
1518264952.00	41.243995033	-8.555727200	108.4	24.230	254.50	9.4	?	?
1518264953.00	41.243949300	-8.555996383	110.5	24.333	256.80	9.4	?	?
1518264954.00	41.243878067	-8.556279150	112.3	25.053	257.10	7.4	?	?
1518264955.00	41.243813100	-8.556572317	113.0	25.774	256.80	7.4	?	?
1518264956.00	41.243747850	-8.556876617	112.8	26.700	256.60	7.3	?	?
1518264957.00	41.243686467	-8.557177767	112.2	26.597	256.90	7.3	?	?
1518264958.00	41.243625267	-8.557478700	110.6	26.288	256.80	7.3	?	?
1518264959.00	41.243567567	-8.557779800	108.5	26.442	257.20	9.3	?	?
1518264960.00	41.243515300	-8.558083683	106.6	26.494	257.20	9.3	?	?
1518264961.00	41.243463083	-8.558378433	103.1	26.442	257.00	1.9	?	?
1518264962.00	41.243409567	-8.558684100	101.0	26.597	257.20	1.4	?	?
1518264963.00	41.243356717	-8.558991283	99.2	26.700	257.50	1.1	?	?
1518264964.00	41.243297617	-8.559299983	99.3	26.905	257.90	7.3	?	?
1518264965.00	41.243233050	-8.559600550	99.7	26.340	257.40	7.3	?	?
1518264966.00	41.243176183	-8.559902533	100.8	26.134	256.90	7.3	?	?
1518264967.00	41.243116083	-8.560202383	101.8	26.082	256.50	7.3	?	?
1518264968.00	41.243053400	-8.560500350	102.8	26.082	255.60	7.3	?	?
1518264969.00	41.242982317	-8.560795100	104.0	25.979	254.40	7.3	?	?
1518264970.00	41.242910617	-8.561078217	104.6	25.208	253.10	7.3	?	?
1518264971.00	41.242849267	-8.561332400	104.8	22.893	251.40	7.3	?	?
1518264972.00	41.242786733	-8.561555467	104.4	20.372	248.70	7.3	?	?
1518264973.00	41.242728783	-8.561744033	103.3	17.543	245.40	9.2	?	?
1518264974.00	41.242679683	-8.561894650	101.3	14.456	242.50	16.4	1.0	16.4
1518264975.00	41.242670000	-8.562026067	100.1	11.729	249.70	16.3	1.0	16.4
1518264976.00	41.242687583	-8.562152633	99.8	10.495	264.40	16.3	1.0	16.3
1518264977.00	41.242722900	-8.562271883	99.9	10.083	278.80	16.3	1.0	16.3
1518264978.00	41.242782167	-8.562394350	99.5	10.752	290.70	16.3	1.0	16.3
1518264979.00	41.242854533	-8.562526900	98.8	11.369	293.00	9.2	?	?
1518264980.00	41.242827133	-8.562667767	99.4	11.009	258.70	9.1	?	?
1518264981.00	41.242788600	-8.562786550	97.7	10.958	242.30	9.1	?	?
1518264982.00	41.242693300	-8.562858900	97.2	12.604	209.50	9.1	?	?
1518264983.00	41.242578783	-8.562877567	96.7	14.559	187.70	7.2	?	?
1518264984.00	41.242462350	-8.562860383	94.7	15.330	173.90	7.2	?	?
1518264985.00	41.242387617	-8.562736800	94.9	14.147	148.80	7.2	?	?
1518264986.00	41.242311117	-8.562626200	94.0	13.993	135.30	7.2	?	?
1518264987.00	41.242239333	-8.562502550	96.7	14.456	126.40	1.3	?	?
1518264988.00	41.242127283	-8.562404983	100.2	15.588	135.50	1.3	?	?
1518264989.00	41.241976867	-8.562364050	99.0	17.131	161.60	1.4	?	?
1518264990.00	41.241815117	-8.562314450	100.8	18.983	169.10	1.4	?	?
1518264991.00	41.241633467	-8.562271917	102.7	20.732	173.10	1.5	?	?
1518264992.00	41.241451200	-8.562251050	104.3	20.681	177.40	1.3	?	?
1518264993.00	41.241262783	-8.562247333	106.3	21.298	180.30	1.3	?	?
1518264994.00	41.241072817	-8.562247033	109.1	21.401	180.80	1.5	?	?
1518264995.00	41.240894417	-8.562248283	111.1	20.218	181.10	2.1	?	?
1518264996.00	41.240726383	-8.562248750	112.2	19.086	181.30	2.1	?	?
1518264997.00	41.240567917	-8.562256850	113.3	17.748	183.20	2.5	?	?
1518264998.00	41.240416167	-8.562277017	114.1	16.822	187.10	2.5	?	?
1518264999.00	41.240263150	-8.562324533	113.7	16.668	195.80	2.5	?	?
1518265000.00	41.240133000	-8.562396150	113.6	15.948	204.90	9.0	17.5	19.7
1518265001.00	41.240010383	-8.562494950	113.0	15.948	215.30	9.0	17.5	19.7
1518265002.00	41.239900183	-8.562623517	111.2	16.514	225.60	9.0	17.5	19.7
1518265003.00	41.239808650	-8.562765017	108.9	16.719	232.50	9.0	17.5	19.7
1518265004.00	41.239719233	-8.562929667	106.1	17.337	236.60	9.0	17.5	19.7
1518265005.00	41.239625267	-8.563114383	103.8	18.469	238.70	9.0	17.5	19.7
1518265006.00	41.239550617	-8.563301117	102.9	18.726	242.20	9.0	17.5	19.6
1518265007.00	41.239483800	-8.563487833	101.8	18.726	244.40	3.5	1.0	3.6
1518265008.00	41.239414633	-8.563733600	101.4	20.321	248.10	3.5	1.0	3.6
1518265012.00	41.239361967	-8.563953167	100.6	?	?	3.5	1.0	3.6
1518265013.00	41.239191783	-8.564870017	101.7	20.372	256.20	25.7	1.0	25.7
1518265014.00	41.239172767	-8.564981883	99.7	17.285	253.60	3.5	1.0	3.6
1518265015.00	41.239129850	-8.565165433	98.7	16.617	251.80	8.9	17.4	19.5
1518265016.00	41.239088167	-8.565269800	98.0	14.147	246.30	8.9	17.4	19.5
1518265017.00	41.239073200	-8.565356483	98.7	10.032	243.90	8.9	17.4	19.5
1518265018.00	41.238989350	-8.565540950	95.9	6.379	250.40	7.1	?	?
1518265019.00	41.238977883	-8.565595733	92.8	2.932	254.40	7.1	?	?
1518265020.00	41.238972217	-8.565619617	90.7	1.286	230.30	7.1	?	?
1518265021.00	41.238953950	-8.565654600	89.1	1.955	228.70	7.1	?	?
1518265022.00	41.238917317	-8.565685533	87.9	2.829	212.00	7.1	?	?
1518265023.00	41.238911600	-8.565632517	88.0	2.881	135.50	8.8	?	?
1518265024.00	41.238905317	-8.565595800	86.9	3.035	105.90	8.8	?	?
1518265025.00	41.238928383	-8.565507200	81.5	3.292	80.40	3.8	?	?
1518265026.00	41.238941817	-8.565494983	79.8	1.595	26.90	3.8	?	?
1518265027.00	41.238946283	-8.565520283	80.8	1.698	316.60	3.8	?	?
1518265028.00	41.238956833	-8.565530200	82.0	1.440	350.20	25.7	?	?
1518265029.00	41.238971633	-8.565486317	83.9	5.196	59.10	9.5	?	?
1518265030.00	41.239001017	-8.565413667	86.3	9.311	59.30	2.4	?	?
1518265031.00	41.239039917	-8.565316417	88.3	11.575	59.80	2.4	?	?
1518265032.00	41.239093300	-8.565184950	88.5	13.787	61.60	2.4	?	?
1518265033.00	41.239136467	-8.565023817	88.3	15.279	65.80	2.5	?	?
1518265034.00	41.239166317	-8.564857067	90.5	16.359	68.10	2.4	?	?
1518265035.00	41.239219717	-8.564668067	89.8	17.645	68.80	1.7	?	?
1518265036.00	41.239269983	-8.564471667	89.7	18.314	69.90	1.7	?	?
1518265037.00	41.239325867	-8.564251200	92.0	19.446	71.30	3.8	?	?
1518265039.00	41.239380333	-8.563997817	92.6	?	?	3.8	?	?
1518265042.00	41.239503433	-8.563445950	93.7	?	?	3.8	?	?
1518265043.00	41.239595400	-8.562895783	87.6	19.960	72.90	3.7	1.0	3.9
1518265044.00	41.239645067	-8.562726000	85.8	20.938	70.30	5.0	1.0	5.1
1518265045.00	41.239742417	-8.562529050	85.6	20.578	59.50	5.0	1.0	5.1
1518265046.00	41.239895400	-8.562399867	89.2	19.343	42.10	5.0	1.0	5.1
1518265047.00	41.240040167	-8.562278367	90.2	18.880	32.20	4.3	14.2	14.8
1518265048.00	41.240204083	-8.562202467	90.6	18.829	22.10	1.7	3.8	4.2
1518265049.00	41.240374200	-8.562148550	91.0	19.137	14.10	1.7	3.8	4.2
1518265050.00	41.240556183	-8.562182133	91.2	19.137	0.40	1.6	?	?
1518265051.00	41.240741317	-8.562203233	91.2	19.806	355.60	4.0	4.2	5.8
1518265052.00	41.240937733	-8.562218000	92.2	20.423	355.50	1.7	3.8	4.2
1518265053.00	41.241135617	-8.562229517	95.7	20.526	356.90	4.0	4.2	5.8
1518265054.00	41.241327833	-8.562241167	96.2	20.732	357.00	19.6	1.0	19.7
1518265055.00	41.241498617	-8.562263000	96.7	20.475	354.60	2.9	?	?
1518265056.00	41.241670217	-8.562300250	96.5	20.063	350.90	2.9	?	?
1518265057.00	41.241798450	-8.562354067	97.6	17.337	345.30	2.8	?	?
1518265058.00	41.241959750	-8.562394267	97.4	15.176	343.30	2.8	?	?
1518265059.00	41.242099550	-8.562421167	97.1	12.501	346.60	2.8	?	?
1518265060.00	41.242195200	-8.562422883	98.9	10.083	2.70	2.8	?	?
1518265061.00	41.242288667	-8.562387067	102.3	9.466	23.60	4.0	4.2	5.8
1518265062.00	41.242368300	-8.562317500	105.0	10.186	41.70	2.7	?	?
1518265063.00	41.242547967	-8.562190283	106.8	14.919	43.80	2.0	?	?
1518265064.00	41.242656283	-8.562045950	109.0	15.793	54.10	1.6	?	?
1518265065.00	41.242738417	-8.561859267	111.8	17.131	68.60	5.3	?	?
1518265066.00	41.242787583	-8.561629117	112.1	19.858	77.50	3.3	?	?
1518265067.00	41.242832367	-8.561366300	110.7	22.841	78.40	3.3	?	?
1518265068.00	41.242881100	-8.561099067	110.7	23.304	78.80	3.3	?	?
1518265069.00	41.242931100	-8.560823600	110.1	23.407	78.40	3.3	?	?
1518265070.00	41.242980433	-8.560552533	109.0	23.562	77.00	3.3	?	?
1518265071.00	41.243031400	-8.560279133	109.2	23.870	76.10	3.3	?	?
1518265072.00	41.243079467	-8.559996767	108.4	24.333	76.30	3.3	?	?
1518265073.00	41.243128850	-8.559709700	107.2	24.796	76.50	3.3	?	?
1518265074.00	41.243177517	-8.559421233	105.6	24.899	76.70	3.3	?	?
1518265075.00	41.243224583	-8.559130233	103.8	25.105	77.10	3.3	?	?
1518265076.00	41.243270600	-8.558842550	103.7	24.796	77.70	1.5	?	?
1518265077.00	41.243316217	-8.558566500	104.3	23.613	77.00	1.5	?	?
1518265078.00	41.243354650	-8.558290750	102.4	23.253	76.80	1.5	?	?
1518265079.00	41.243397433	-8.558020550	102.2	23.099	76.80	1.5	?	?
1518265080.00	41.243441250	-8.557752217	102.3	23.047	77.00	1.5	?	?
1518265081.00	41.243486133	-8.557486150	102.9	22.944	77.00	1.5	?	?
1518265082.00	41.243532800	-8.557220500	104.8	22.841	77.20	1.5	?	?
1518265083.00	41.243578317	-8.556959067	105.5	22.275	77.00	1.5	?	?
1518265084.00	41.243622350	-8.556704017	105.7	21.864	77.20	1.5	?	?
1518265085.00	41.243666483	-8.556445933	105.8	22.173	77.10	1.5	?	?
1518265086.00	41.243711517	-8.556183733	105.1	22.584	76.70	1.5	?	?
1518265087.00	41.243757500	-8.555920550	103.8	22.687	76.70	3.2	?	?
1518265088.00	41.243803133	-8.555663517	102.6	22.070	76.80	1.5	?	?
1518265089.00	41.243845950	-8.555422800	101.6	20.526	77.00	1.5	?	?
1518265090.00	41.243884900	-8.555203533	101.3	18.417	77.20	1.5	?	?
1518265091.00	41.243919067	-8.555024950	101.9	14.816	77.30	1.5	?	?
1518265092.00	41.243933550	-8.554874067	101.8	12.141	85.90	1.5	?	?
1518265093.00	41.243914683	-8.554724283	102.4	11.884	102.80	3.2	?	?
1518265094.00	41.243872617	-8.554588383	102.9	12.089	116.80	3.7	?	?
1518265095.00	41.243804450	-8.554447883	101.8	13.376	125.30	5.5	?	?
1518265096.00	41.243717400	-8.554318667	101.9	13.993	135.00	5.5	?	?
1518265097.00	41.243595500	-8.554216917	101.6	15.176	150.00	5.5	?	?
1518265098.00	41.243423433	-8.554142650	99.8	18.006	164.10	5.3	?	?
1518265099.00	41.243258150	-8.554089233	98.7	19.086	168.60	5.3	?	?
1518265100.00	41.243111883	-8.554053017	98.1	18.160	169.20	1.4	?	?
1518265101.00	41.243003867	-8.554038667	100.2	14.044	170.80	1.4	?	?
1518265102.00	41.242897300	-8.554013717	99.7	11.266	171.00	1.4	?	?
1518265103.00	41.242820550	-8.553988417	100.5	8.231	167.10	1.4	?	?
1518265104.00	41.242756400	-8.553951733	100.8	6.945	156.30	1.9	1.0	2.1
1518265105.00	41.242743367	-8.553843050	102.5	7.922	105.40	1.9	1.0	2.1
1518265106.00	41.242733267	-8.553755783	103.4	8.643	89.50	3.8	12.7	13.3
1518265107.00	41.242726867	-8.553638917	103.8	10.083	84.80	3.8	12.7	13.3
1518265108.00	41.242726367	-8.553518017	104.3	11.421	82.80	3.8	12.7	13.3
1518265109.00	41.242729167	-8.553371100	104.3	12.810	85.10	3.4	1.0	3.5
1518265110.00	41.242732150	-8.553212433	105.6	13.941	87.40	1.6	?	?
1518265111.00	41.242718150	-8.553050350	106.1	14.353	93.50	1.6	?	?
1518265112.00	41.242694933	-8.552891483	107.0	13.736	100.40	1.6	?	?
1518265113.00	41.242662150	-8.552744350	107.0	12.398	106.10	3.9	?	?
1518265114.00	41.242627817	-8.552610233	106.9	10.700	104.40	2.8	?	?
1518265115.00	41.242610633	-8.552494233	107.2	9.003	104.00	1.7	?	?
1518265116.00	41.242592733	-8.552404100	107.6	6.945	104.90	1.7	?	?
1518265117.00	41.242579783	-8.552339967	106.6	4.681	107.20	1.9	?	?
1518265118.00	41.242568717	-8.552306100	105.1	2.161	120.80	1.9	?	?
1518265119.00	41.242563767	-8.552296050	103.6	0.360	165.40	1.9	?	?
1518265120.00	41.242557700	-8.552290150	102.2	0.360	120.50	1.9	?	?
1518265121.00	41.242549033	-8.552268350	101.9	1.801	109.10	1.9	?	?
1518265122.00	41.242543533	-8.552237700	104.1	2.366	115.50	1.2	?	?
1518265123.00	41.242536350	-8.552213600	105.1	2.212	121.90	1.1	?	?
1518265124.00	41.242531383	-8.552196517	105.9	1.801	120.60	1.1	?	?
1518265125.00	41.242520850	-8.552167433	106.7	2.932	118.10	1.1	?	?
1518265126.00	41.242526467	-8.552142000	114.3	4.733	124.40	1.1	?	?
1518265127.00	41.242497733	-8.552086700	115.8	5.607	128.10	1.5	?	?
1518265128.00	41.242463000	-8.552027217	116.6	6.431	128.80	1.8	?	?
1518265129.00	41.242427150	-8.551961217	117.2	7.048	128.50	2.8	?	?
1518265130.00	41.242386967	-8.551892333	118.0	7.511	128.20	2.8	?	?
1518265131.00	41.242340083	-8.551810583	118.9	8.540	127.50	2.8	?	?
1518265132.00	41.242287267	-8.551713650	120.0	9.929	126.00	2.8	?	?
1518265133.00	41.242236200	-8.551602550	120.3	11.163	119.90	2.8	?	?
1518265134.00	41.242190833	-8.551472250	121.2	12.347	113.70	2.8	?	?
1518265135.00	41.242149483	-8.551328167	122.4	13.273	109.80	2.8	?	?
1518265136.00	41.242098483	-8.551173650	123.7	14.404	111.10	2.8	?	?
1518265137.00	41.242046650	-8.550986300	127.9	15.073	109.30	1.7	?	?
1518265138.00	41.242006233	-8.550797817	130.7	15.485	105.10	1.7	?	?
1518265139.00	41.241991600	-8.550597000	132.8	15.948	98.30	1.7	?	?
1518265140.00	41.241989100	-8.550385700	134.3	16.565	93.90	1.7	?	?
1518265141.00	41.241965700	-8.550192133	136.4	16.617	98.60	1.7	?	?
1518265142.00	41.241939167	-8.550003583	138.5	16.154	102.20	1.7	?	?
1518265143.00	41.241900633	-8.549805017	139.4	17.080	104.10	1.7	?	?
1518265144.00	41.241861283	-8.549591333	140.3	18.520	103.50	1.7	?	?
1518265145.00	41.241822500	-8.549367033	139.8	19.137	102.10	1.6	?	?
1518265146.00	41.241787050	-8.549151233	139.1	18.314	101.20	1.6	?	?
1518265147.00	41.241753283	-8.548947983	138.4	17.182	101.80	3.4	?	?
1518265148.00	41.241721067	-8.548757717	138.2	15.948	102.60	1.8	?	?
1518265149.00	41.241689750	-8.548586283	138.3	14.250	104.00	1.5	?	?
1518265150.00	41.241656133	-8.548432100	138.2	12.810	107.10	1.5	?	?
1518265151.00	41.241620417	-8.548299383	137.4	11.369	110.00	1.5	?	?
1518265152.00	41.241592100	-8.548187600	137.4	9.466	110.60	1.5	?	?
1518265153.00	41.241573067	-8.548105300	137.1	6.996	108.40	1.8	?	?
1518265154.00	41.241568700	-8.548047083	139.7	4.527	105.30	1.5	?	?
1518265155.00	41.241559000	-8.548020100	138.8	1.955	118.90	1.5	?	?
1518265156.00	41.241545600	-8.548000200	137.4	1.543	130.10	1.5	?	?
1518265157.00	41.241520967	-8.547978633	136.0	3.035	155.10	1.5	?	?
1518265158.00	41.241483167	-8.547967950	135.7	4.579	173.40	1.6	?	?
1518265159.00	41.241438400	-8.547963250	136.1	5.453	179.60	1.6	?	?
1518265160.00	41.241384900	-8.547962250	136.3	6.482	183.00	1.6	?	?
1518265161.00	41.241311300	-8.547958250	134.9	8.334	179.60	1.5	?	?
1518265162.00	41.241230033	-8.547962083	135.1	9.414	184.00	1.6	3.7	4.0
1518265163.00	41.241137683	-8.547968017	135.2	10.649	184.30	1.7	3.7	4.1
1518265164.00	41.241021250	-8.547998433	135.4	12.707	190.00	1.7	3.7	4.1
1518265165.00	41.240896117	-8.548035600	135.3	14.404	191.00	1.7	3.7	4.1
1518265166.00	41.240763500	-8.548059183	135.0	15.588	188.20	1.6	3.7	4.0
1518265167.00	41.240615117	-8.548071033	134.5	17.285	183.30	1.6	3.7	4.0
1518265168.00	41.240456267	-8.548051967	133.7	18.829	176.90	1.6	?	?
1518265169.00	41.240294517	-8.547996817	133.1	19.806	168.70	6.1	?	?
1518265170.00	41.240106017	-8.547947600	131.7	21.710	167.50	3.4	?	?
1518265171.00	41.239904950	-8.547899050	130.4	23.150	168.50	3.4	?	?
1518265172.00	41.239696500	-8.547849683	128.4	23.819	169.50	2.0	?	?
1518265173.00	41.239469067	-8.547813450	125.0	24.539	170.10	2.0	?	?
1518265174.00	41.239244850	-8.547768317	123.9	25.208	170.40	3.4	?	?
1518265175.00	41.239011667	-8.547726800	121.5	25.568	170.50	3.4	?	?
1518265176.00	41.238772267	-8.547678933	117.9	26.391	170.30	3.4	?	?
1518265177.00	41.238534583	-8.547629250	114.7	26.545	170.70	3.4	?	?
1518265178.00	41.238298650	-8.547579350	111.8	26.597	170.90	3.4	?	?
1518265179.00	41.238066517	-8.547527433	110.7	26.237	170.90	2.8	?	?
1518265180.00	41.237849100	-8.547476117	111.7	24.951	170.90	2.0	?	?
1518265181.00	41.237648217	-8.547427517	112.5	23.099	170.80	2.0	?	?
1518265182.00	41.237461083	-8.547385250	111.6	21.144	170.90	2.0	?	?
1518265183.00	41.237290000	-8.547344833	110.1	19.189	170.50	2.0	?	?
1518265184.00	41.237140067	-8.547303583	109.2	16.977	169.20	2.0	?	?
1518265185.00	41.237009450	-8.547254183	109.8	15.125	165.60	1.3	?	?
1518265186.00	41.236921850	-8.547146800	117.6	13.427	148.10	1.3	?	?
1518265187.00	41.236830217	-8.547017000	117.3	14.507	129.30	1.3	?	?
1518265188.00	41.236766600	-8.546851600	118.1	16.411	114.70	1.4	?	?
1518265189.00	41.236712933	-8.546642817	120.4	19.240	104.20	1.2	?	?
1518265190.00	41.236655417	-8.546399117	120.6	21.761	103.20	1.1	?	?
1518265191.00	41.236604483	-8.546138667	119.8	23.356	103.70	2.9	?	?
1518265192.00	41.236550733	-8.545873533	119.5	23.819	105.00	2.9	?	?
1518265193.00	41.236492700	-8.545611550	119.1	23.562	106.30	2.9	?	?
1518265194.00	41.236433883	-8.545345067	119.1	23.562	106.60	2.9	?	?
1518265195.00	41.236380250	-8.545105017	118.7	21.761	106.80	2.9	?	?
1518265196.00	41.236326767	-8.544883700	118.5	19.909	107.30	2.9	?	?
1518265197.00	41.236279000	-8.544683767	118.0	17.645	108.00	2.9	?	?
1518265198.00	41.236234767	-8.544507633	117.6	15.433	108.90	2.9	?	?
1518265199.00	41.236186333	-8.544356533	118.1	13.376	113.80	3.6	?	?
1518265200.00	41.236146633	-8.544254383	116.7	10.083	120.30	3.6	?	?
1518265201.00	41.236110950	-8.544174017	115.9	7.717	125.10	4.3	?	?
1518265202.00	41.236087500	-8.544121167	115.0	5.402	125.50	4.3	?	?
1518265203.00	41.236078783	-8.544092567	115.0	3.395	120.10	4.3	?	?
1518265204.00	41.236081567	-8.544079433	116.1	2.006	98.40	4.3	?	?
1518265205.00	41.236084350	-8.544052950	117.6	2.212	72.40	4.3	?	?
1518265206.00	41.236103650	-8.544016817	114.2	4.373	44.90	3.1	?	?
1518265207.00	41.236150583	-8.543991300	114.8	5.968	33.00	3.1	?	?
1518265208.00	41.236205833	-8.543965533	115.6	7.048	27.80	3.1	?	?
1518265209.00	41.236279633	-8.543935267	115.8	8.540	22.20	3.1	?	?
1518265210.00	41.236366900	-8.543894217	116.1	10.237	18.80	3.1	?	?
1518265211.00	41.236454517	-8.543848817	116.5	11.009	19.10	3.1	?	?
1518265212.00	41.236547633	-8.543786700	117.6	11.935	21.20	5.2	?	?
1518265213.00	41.236663917	-8.543771250	119.2	12.964	23.60	5.2	?	?
1518265214.00	41.236825600	-8.543858600	119.9	14.147	24.70	1.9	1.0	2.1
1518265215.00	41.236959783	-8.543770933	120.6	15.485	26.90	1.9	1.0	2.1
1518265216.00	41.237099133	-8.543684183	120.5	16.256	26.40	1.9	1.0	2.1
1518265217.00	41.237254450	-8.543587250	120.5	17.388	25.30	1.9	1.0	2.1
1518265218.00	41.237416683	-8.543486800	120.5	18.366	24.70	1.9	1.0	2.1
1518265219.00	41.237579267	-8.543383833	120.6	18.983	24.90	1.9	1.0	2.1
1518265220.00	41.237738783	-8.543285750	120.7	19.137	24.80	1.9	1.0	2.1
1518265221.00	41.237900550	-8.543188817	120.7	19.343	24.30	5.7	1.0	5.8
1518265222.00	41.238062300	-8.543093100	120.6	19.343	23.60	5.7	1.0	5.8
1518265223.00	41.238224467	-8.542995733	120.2	19.446	23.80	5.7	1.0	5.8
1518265224.00	41.238387317	-8.542905300	119.6	19.292	22.90	5.7	1.0	5.8
1518265225.00	41.238541467	-8.542822767	118.3	18.829	21.80	5.7	1.0	5.8
