n	Session	location.seconds.Unix	location.millis	location.gpstime	location.lat	location.lon	location.alt	location.track	location.speed.M-S	location.acc	location.nsats
1	16659	1518263781	690	1518263783	41.23904344	-8.54160519	201.2	0	0	10	8
2	16659	1518263782	683	1518263784	41.23904862	-8.54160208	201.5	0	0	9	8
3	16659	1518263784	222	1518263785	41.23905211	-8.54160286	202	0	0	6	8
4	16659	1518263786	233	1518263787	41.23906235	-8.54160345	202.9	0	0	5	8
5	16659	1518263788	232	1518263789	41.23906704	-8.54160378	203.3	0	0	4	9
6	16659	1518263789	713	1518263791	41.23906911	-8.54160287	203.6	0	0	4	9
7	16659	1518263791	241	1518263792	41.23906931	-8.54160286	203.6	0	0	4	9
8	16659	1518263793	207	1518263794	41.23906943	-8.54160294	203.6	0	0	3	9
9	16659	1518263794	803	1518263796	41.2390696	-8.54160279	203.7	0	0	3	9
10	16659	1518263795	735	1518263797	41.23906967	-8.54160258	203.7	0	0	3	9
11	16659	1518263796	762	1518263798	41.23906971	-8.54160246	203.6	0	0	3	9
12	16659	1518263797	856	1518263799	41.23906961	-8.54160234	203.6	0	0	3	9
13	16659	1518263800	208	1518263801	41.23906952	-8.54160206	203.6	0	0	3	9
14	16659	1518263802	217	1518263803	41.23906951	-8.54160201	203.6	0	0	3	10
15	16659	1518263804	216	1518263805	41.23906732	-8.54159934	205.6	139.2	0.25	3	10
16	16659	1518263805	714	1518263807	41.23906098	-8.54159557	203.7	139.2	0.5	4	9
17	16659	1518263807	240	1518263808	41.23905622	-8.54159346	203	139.2	0.5	4	9
18	16659	1518263809	234	1518263810	41.23902758	-8.5415984	201.5	188	2	4	10
19	16659	1518263811	226	1518263812	41.23897307	-8.54163321	200.1	202.6	3.5	4	10
20	16659	1518263812	747	1518263814	41.23890506	-8.54168797	200.3	206	4.5	4	10
21	16659	1518263814	267	1518263815	41.23886337	-8.5417175	200.4	205.9	5	4	10
22	16659	1518263815	684	1518263817	41.23876784	-8.54179722	199.2	206.6	6.25	3	10
23	16659	1518263816	692	1518263818	41.23872205	-8.54183021	199.1	207.7	6.25	3	10
24	16659	1518263818	221	1518263819	41.23867848	-8.54185616	199.1	204.3	5.75	4	10
25	16659	1518263820	229	1518263821	41.23862054	-8.54191829	196.8	218.4	3.75	4	10
26	16659	1518263821	717	1518263823	41.23857813	-8.5419998	195.8	239.1	4.5	4	9
27	16659	1518263823	240	1518263824	41.23855967	-8.54205745	195.7	245.2	5	4	9
28	16659	1518263824	686	1518263826	41.2386097	-8.54221094	193.8	284.8	6.75	4	9
29	16659	1518263825	685	1518263827	41.23863257	-8.54229351	194.1	285.3	7.25	4	9
30	16659	1518263826	686	1518263828	41.23864612	-8.54238165	193.6	286.1	7	4	8
31	16659	1518263827	685	1518263829	41.23867259	-8.54245614	192.3	285.9	6.75	3	8
32	16659	1518263828	687	1518263830	41.23869376	-8.54252451	190.8	287.8	6	3	8
33	16659	1518263829	687	1518263831	41.23871637	-8.54257479	191.2	294.5	4.75	4	8
34	16659	1518263830	678	1518263832	41.23872895	-8.54260917	190.9	298.5	3.25	3	8
35	16659	1518263831	695	1518263833	41.23872741	-8.54262051	190.8	292.8	1.5	4	8
36	16659	1518263832	686	1518263834	41.23872959	-8.54262166	190.7	292.8	0.5	3	8
37	16659	1518263833	686	1518263835	41.23873401	-8.54262015	191	292.8	0.25	4	8
38	16659	1518263834	687	1518263836	41.23873873	-8.54262091	190.9	292.8	0.25	3	8
39	16659	1518263835	686	1518263837	41.23873334	-8.54263192	190.9	292.8	0.5	4	9
40	16659	1518263836	686	1518263838	41.23873398	-8.54263958	190.6	292.8	0.75	3	10
41	16659	1518263837	686	1518263839	41.23873499	-8.54266473	190.3	260.5	1.75	4	10
42	16659	1518263838	687	1518263840	41.2387311	-8.54270572	189.8	257	2.75	4	10
43	16659	1518263839	687	1518263841	41.23871737	-8.54273762	188.7	244.8	3	4	10
44	16659	1518263840	687	1518263842	41.23867106	-8.54276994	190.5	213.7	4	4	10
45	16659	1518263841	686	1518263843	41.23855822	-8.54283315	189.7	204.9	8	3	10
46	16659	1518263842	689	1518263844	41.23848607	-8.54287915	187.7	204.6	9	3	10
47	16659	1518263843	688	1518263845	41.2384042	-8.54293032	187.3	205.1	10.5	3	10
48	16659	1518263844	688	1518263846	41.23830531	-8.54299343	186.1	205.3	12	3	10
49	16659	1518263845	687	1518263847	41.23819886	-8.54306363	184.8	205.2	12.75	3	10
50	16659	1518263846	679	1518263848	41.2380861	-8.54312967	185.4	204.9	13.25	3	10
51	16659	1518263847	687	1518263849	41.23796692	-8.54320024	184.8	204.7	14.25	3	10
52	16659	1518263848	687	1518263850	41.23784398	-8.54327544	184	204.6	15	3	10
53	16659	1518263849	688	1518263851	41.23771541	-8.54335073	183.7	204.4	15.5	3	10
54	16659	1518263850	690	1518263852	41.23758596	-8.54343449	182.1	205.3	15.5	3	10
55	16659	1518263851	696	1518263853	41.23746111	-8.54350984	181.8	205.3	15.5	4	10
56	16659	1518263852	690	1518263854	41.23733387	-8.54359033	180.1	205.2	15.25	4	10
57	16659	1518263853	696	1518263855	41.23721526	-8.54366464	180	205.2	15	4	10
58	16659	1518263854	688	1518263856	41.23709629	-8.54373648	179.6	205.4	14.75	4	10
59	16659	1518263855	689	1518263857	41.23697802	-8.54380906	179.4	205	14.75	4	10
60	16659	1518263856	688	1518263858	41.23686109	-8.5438839	177.3	204.6	14.5	3	10
61	16659	1518263857	696	1518263859	41.23674055	-8.54395705	177	204.5	14.25	3	10
62	16659	1518263858	688	1518263860	41.23662157	-8.54402918	176.1	204.7	14	3	10
63	16659	1518263859	688	1518263861	41.23651071	-8.54409481	175.9	204.8	13.5	4	10
64	16659	1518263860	689	1518263862	41.236413	-8.54415747	175.4	204.9	12.5	3	10
65	16659	1518263861	689	1518263863	41.23633524	-8.54422689	176.7	211.5	10.75	3	10
66	16659	1518263863	209	1518263864	41.23627202	-8.54431758	176.7	224.4	10.25	4	10
67	16659	1518263864	706	1518263866	41.23624205	-8.54452587	176.1	259.4	9.5	5	10
68	16659	1518263866	234	1518263867	41.23629101	-8.54462213	176	283.3	9.75	3	10
69	16659	1518263868	259	1518263869	41.23632805	-8.54486649	175.5	281.3	10.75	3	9
70	16659	1518263869	738	1518263871	41.23639069	-8.54513131	175.2	286.5	11.75	4	9
71	16659	1518263871	258	1518263872	41.23642461	-8.54527496	176.3	287.6	12.25	4	9
72	16659	1518263873	236	1518263874	41.23649097	-8.54557685	177.6	287.6	13.25	3	9
73	16659	1518263875	236	1518263876	41.2365795	-8.54588698	179	287.7	13.75	4	9
74	16659	1518263876	765	1518263878	41.23664557	-8.54620662	179.3	285.2	13.75	4	9
75	16659	1518263877	860	1518263879	41.23667695	-8.54636878	179.4	284.3	13.75	4	9
76	16659	1518263879	884	1518263881	41.23674624	-8.54668616	180.7	286.2	13.5	4	9
77	16659	1518263882	237	1518263883	41.2368408	-8.5469733	182	294.2	13	3	9
78	16659	1518263883	805	1518263885	41.23698515	-8.54718888	182.4	316.4	12	4	9
79	16659	1518263884	901	1518263886	41.23709853	-8.54724964	183.1	331.5	12.5	4	8
80	16659	1518263887	267	1518263888	41.23734609	-8.54731804	184.9	349.3	13.75	3	9
81	16659	1518263889	230	1518263890	41.23760697	-8.54737501	186.2	351	14.75	3	9
82	16659	1518263891	238	1518263892	41.23787872	-8.54743195	186.3	350.9	15.5	3	9
83	16659	1518263892	766	1518263894	41.23815879	-8.54749002	186.9	351.1	15.5	3	10
84	16659	1518263893	872	1518263895	41.2382911	-8.5475129	187.3	350.7	14.75	4	10
85	16659	1518263896	223	1518263897	41.23854355	-8.54757387	188.1	348.5	13.75	3	9
86	16659	1518263898	237	1518263899	41.23876732	-8.54763569	189.4	348.2	12.5	3	9
87	16659	1518263900	271	1518263901	41.23898609	-8.54768614	190.3	350.3	12.5	3	9
88	16659	1518263901	734	1518263903	41.23920884	-8.54773545	191.4	350.2	12.75	3	9
89	16659	1518263903	263	1518263904	41.23932463	-8.54775677	191.3	350.3	13	3	9
90	16659	1518263905	207	1518263906	41.23956795	-8.54781167	191.6	349.8	13.75	4	9
91	16659	1518263907	241	1518263908	41.2398065	-8.54786941	192.4	349	13.5	4	9
92	16659	1518263908	761	1518263910	41.2400499	-8.54792015	192.7	349.5	14	4	9
93	16659	1518263909	848	1518263911	41.24017466	-8.54794886	192.9	349.4	14	4	9
94	16659	1518263912	246	1518263913	41.24042071	-8.54800833	193.8	350.8	13.75	4	9
95	16659	1518263914	233	1518263915	41.24064094	-8.54804688	193.4	354.4	12.25	4	9
96	16659	1518263916	273	1518263917	41.24085207	-8.54804053	194.2	3.4	11.75	4	8
97	16659	1518263917	729	1518263919	41.24104285	-8.54797522	193.7	12.1	10.5	3	8
98	16659	1518263919	259	1518263920	41.24113336	-8.54795097	193.4	11.9	10.5	4	8
99	16659	1518263921	228	1518263922	41.24130051	-8.54791516	194.9	8.9	9	4	8
100	16659	1518263923	244	1518263924	41.24144442	-8.54789788	194.1	4.2	7.75	4	8
101	16659	1518263924	771	1518263926	41.24155786	-8.54791671	193.2	347.1	5.75	3	8
102	16659	1518263925	876	1518263927	41.24159593	-8.54796575	193	319.9	5.25	3	8
103	16659	1518263928	228	1518263929	41.24162961	-8.54812169	193.3	282.8	7	4	8
104	16659	1518263930	231	1518263931	41.24167861	-8.54832865	193.6	289.3	9.5	4	8
105	16659	1518263931	694	1518263933	41.24173458	-8.54858642	193.9	285.8	11.5	3	8
106	16659	1518263933	224	1518263934	41.24176179	-8.54872755	193.1	283.5	11.75	3	8
107	16659	1518263935	248	1518263936	41.24181231	-8.54903253	191.8	282.2	13.25	4	8
108	16659	1518263936	769	1518263938	41.24185711	-8.54935329	190.9	281.4	13.5	4	8
109	16659	1518263937	856	1518263939	41.2418813	-8.5495048	190.7	281.9	13	4	8
110	16659	1518263940	233	1518263941	41.24192971	-8.54978567	189.9	283.8	12	4	8
111	16659	1518263942	242	1518263943	41.24198198	-8.55005733	187.7	287.2	11.5	4	9
112	16659	1518263944	252	1518263945	41.24203095	-8.550311	185.4	281.2	11	4	9
113	16659	1518263945	732	1518263947	41.24204404	-8.55057551	185.3	275.1	11.25	4	9
114	16659	1518263947	263	1518263948	41.24205797	-8.55071269	185.4	276.8	11.5	5	8
115	16659	1518263949	238	1518263950	41.24213352	-8.55098442	182.6	287.2	11.75	3	9
116	16659	1518263951	241	1518263952	41.24219533	-8.55126685	181.1	287.2	12.25	3	9
117	16659	1518263952	775	1518263954	41.24226005	-8.55154005	179.4	289.7	11.75	4	9
118	16659	1518263953	720	1518263955	41.24230413	-8.55165495	177.7	295.2	11	3	9
119	16659	1518263955	247	1518263956	41.24235541	-8.55176445	175.9	301.2	10.5	4	9
120	16659	1518263956	696	1518263958	41.24246098	-8.55195006	175.2	308.4	9.75	4	9
121	16659	1518263958	216	1518263959	41.24250767	-8.55203111	174.5	309.2	8.75	4	9
122	16659	1518263960	239	1518263961	41.24258004	-8.55214722	173.2	312.8	6	4	9
123	16659	1518263961	792	1518263963	41.24263858	-8.55220719	172.8	314.9	4	5	9
124	16659	1518263962	896	1518263964	41.24263956	-8.55221245	172.7	312.8	2.25	5	9
125	16659	1518263965	249	1518263966	41.24263565	-8.55219236	172.6	0	0	3	9
126	16659	1518263967	247	1518263968	41.24262618	-8.55217806	172.9	0	0	3	9
127	16659	1518263969	241	1518263970	41.2426268	-8.55216198	173.2	0	0	3	9
128	16659	1518263970	769	1518263972	41.24262396	-8.5521586	172.7	0	0	3	9
129	16659	1518263971	914	1518263973	41.24262262	-8.55215357	172.6	0	0	3	9
130	16659	1518263974	216	1518263975	41.24262663	-8.55216934	173.6	305.2	1	4	9
131	16659	1518263976	248	1518263977	41.24264213	-8.55220047	173.1	294.9	2.25	3	9
132	16659	1518263977	807	1518263979	41.24267336	-8.5523144	172.2	287.4	4.75	4	9
133	16659	1518263978	855	1518263980	41.2426899	-8.55240402	171.8	282.8	6	3	8
134	16659	1518263981	248	1518263982	41.24272234	-8.55259839	171.9	284.6	8.5	3	8
135	16659	1518263983	251	1518263984	41.24275395	-8.55282197	171	281.1	10.5	4	8
136	16659	1518263985	254	1518263986	41.24278157	-8.55309086	170.5	277.5	11.5	4	7
137	16659	1518263986	764	1518263988	41.24278673	-8.55338072	167.7	272.5	12.25	4	7
138	16659	1518263987	837	1518263989	41.24278941	-8.55352182	166.7	272.1	11.75	4	7
139	16659	1518263990	229	1518263991	41.24279206	-8.55375788	164.8	271.9	9.25	3	7
140	16659	1518263992	238	1518263993	41.24281935	-8.55391159	163	289.6	6	4	8
141	16659	1518263993	792	1518263995	41.24293501	-8.55398651	162.3	335.9	6.75	4	9
142	16659	1518263994	890	1518263996	41.24301936	-8.55399627	161.8	349.7	9	3	9
143	16659	1518263997	247	1518263998	41.24321356	-8.55404003	161.3	347.3	11.25	3	9
144	16659	1518263999	239	1518264000	41.2434176	-8.55410397	160.8	346.5	12	3	9
145	16659	1518264001	250	1518264002	41.24361579	-8.55417015	160.5	346	11.25	4	9
146	16659	1518264002	761	1518264004	41.24378422	-8.55419268	160.1	357.7	9	4	8
147	16659	1518264003	875	1518264005	41.24386474	-8.55415439	160.7	15.6	9	4	8
148	16659	1518264006	234	1518264007	41.24401781	-8.55405679	160.3	24.2	9.25	3	9
149	16659	1518264008	251	1518264009	41.24417915	-8.55406503	160.4	350.7	9	3	9
150	16659	1518264009	796	1518264011	41.24430169	-8.5542047	159.6	311.5	9.25	4	9
151	16659	1518264010	910	1518264012	41.24432013	-8.55431931	158.9	289.3	9.25	3	10
152	16659	1518264013	267	1518264014	41.24428285	-8.55454443	158.5	249.6	9.5	4	10
153	16659	1518264015	253	1518264016	41.24414117	-8.55471863	156	220.2	10	3	10
154	16659	1518264017	255	1518264018	41.24399546	-8.55489681	154.7	227.6	10.75	4	10
155	16659	1518264018	770	1518264020	41.24392802	-8.55515197	153.8	255.4	11.5	3	10
156	16659	1518264019	889	1518264021	41.24390436	-8.55528691	153.6	257.9	11.75	4	10
157	16659	1518264022	240	1518264023	41.24385582	-8.55556214	154	256.9	11.5	5	10
158	16659	1518264024	249	1518264025	41.24381137	-8.55582416	155.3	256.6	11.25	3	9
159	16659	1518264025	800	1518264027	41.24375744	-8.5560953	156.1	255.9	11.5	5	9
160	16659	1518264026	953	1518264028	41.24373085	-8.55623059	156.2	255.8	11.5	5	9
161	16659	1518264029	279	1518264030	41.24366665	-8.55651789	156.8	254.6	12	7	9
162	16659	1518264031	249	1518264032	41.24364797	-8.55677763	157.2	257.6	12	5	9
163	16659	1518264033	251	1518264034	41.24360652	-8.55704946	157.3	257.8	12	5	9
164	16659	1518264034	785	1518264036	41.24356958	-8.55732801	157.3	259.5	12	5	9
165	16659	1518264035	885	1518264037	41.24354143	-8.55746941	156.6	258.4	12.25	5	9
166	16659	1518264038	251	1518264039	41.24349684	-8.55775521	156.1	257.5	12	4	9
167	16659	1518264040	261	1518264041	41.24344246	-8.55804677	156.7	258.9	11.75	6	9
168	16659	1518264041	796	1518264043	41.24341087	-8.55830852	155.9	257.6	12	4	9
169	16659	1518264042	915	1518264044	41.24337187	-8.55844482	154	256.9	12	4	9
170	16659	1518264045	267	1518264046	41.24332448	-8.55873058	151.9	257.5	11.75	3	9
171	16659	1518264047	251	1518264048	41.24326651	-8.5590072	151	257.8	11.75	4	9
172	16659	1518264049	253	1518264050	41.24322737	-8.55927162	152	256.7	11.25	3	9
173	16659	1518264050	765	1518264052	41.2431877	-8.55954196	153.9	257.3	11.75	3	9
174	16659	1518264051	848	1518264053	41.24316564	-8.55969034	154.6	256.9	12.5	3	9
175	16659	1518264054	250	1518264055	41.24311379	-8.56001592	156.2	257.2	14.25	3	8
176	16659	1518264056	248	1518264057	41.24306258	-8.56037978	158	256.9	16	4	8
177	16659	1518264057	745	1518264059	41.2429885	-8.56076486	157.8	257.1	16.75	4	9
178	16659	1518264059	273	1518264060	41.24294605	-8.56095896	158.1	257	16.5	4	9
179	16659	1518264061	257	1518264062	41.2428881	-8.56131846	159.6	256.6	15.25	4	9
180	16659	1518264063	249	1518264064	41.24281646	-8.56164689	159	256.7	13.5	4	9
181	16659	1518264064	777	1518264066	41.24276257	-8.56191418	159.1	257.6	11	3	9
182	16659	1518264065	900	1518264067	41.24273872	-8.56203787	159	258	10.25	4	9
183	16659	1518264068	249	1518264069	41.2427497	-8.5622485	158.6	275.5	9	4	9
184	16659	1518264070	250	1518264071	41.24283832	-8.56242919	158.8	298.2	9.25	3	9
185	16659	1518264072	281	1518264073	41.24288871	-8.56263981	158.7	283.6	9.5	4	8
186	16659	1518264073	738	1518264075	41.24285419	-8.56281396	158.5	254.3	6.75	4	8
187	16659	1518264075	257	1518264076	41.24281027	-8.56287604	157.9	237.9	6.5	5	8
188	16659	1518264077	249	1518264078	41.24259017	-8.56289293	158.5	176.9	9.5	4	8
189	16659	1518264079	257	1518264080	41.2424485	-8.56275732	159.4	137.1	9.75	3	8
190	16659	1518264080	778	1518264082	41.2423223	-8.56259222	159.4	132.4	9.75	5	8
191	16659	1518264081	714	1518264083	41.2422301	-8.5624884	160.1	137.6	11.25	3	8
192	16659	1518264082	706	1518264084	41.24214133	-8.56241558	160.1	150.6	11.5	3	8
193	16659	1518264084	226	1518264085	41.24204506	-8.56236355	161.9	160.2	11.5	4	8
194	16659	1518264086	249	1518264087	41.2418478	-8.56230233	162.2	167.4	11.5	4	8
195	16659	1518264087	809	1518264089	41.24164386	-8.56225651	162.8	171.7	11.5	4	9
196	16659	1518264088	857	1518264090	41.24153977	-8.56224322	163.3	174.2	11.75	3	9
197	16659	1518264090	746	1518264092	41.24131768	-8.56222097	164.3	177.5	11.75	4	9
198	16659	1518264091	707	1518264093	41.24121719	-8.5622157	164.1	178.7	11.5	3	9
199	16659	1518264092	706	1518264094	41.2411132	-8.56221404	164.1	178.8	11.5	3	9
200	16659	1518264093	705	1518264095	41.24100602	-8.56221261	164	178.6	11.5	3	9
201	16659	1518264094	707	1518264096	41.24089605	-8.56220973	164.2	178.5	11.75	3	9
202	16659	1518264095	706	1518264097	41.24078647	-8.56221045	163.4	178.8	11.75	3	10
203	16659	1518264096	706	1518264098	41.24067675	-8.56220611	164.5	179	11.75	3	10
204	16659	1518264097	705	1518264099	41.24056897	-8.56220725	164.8	180.1	12	3	10
205	16659	1518264098	698	1518264100	41.240462	-8.56221839	165.3	183.4	12	3	10
206	16659	1518264099	706	1518264101	41.24035484	-8.56224251	165.5	189.6	12	3	10
207	16659	1518264100	706	1518264102	41.24025127	-8.56228621	165.6	196.6	12.25	3	10
208	16659	1518264101	707	1518264103	41.24015474	-8.56234742	166	203	12	3	10
209	16659	1518264102	707	1518264104	41.24005996	-8.56241505	166	209	12	4	10
210	16659	1518264103	706	1518264105	41.23997203	-8.5625038	165.7	215.1	12	3	10
211	16659	1518264104	707	1518264106	41.23989288	-8.56260138	165.4	221.9	12	3	10
212	16659	1518264105	706	1518264107	41.23981669	-8.56271512	165.4	226.7	12.5	4	10
213	16659	1518264106	706	1518264108	41.23974607	-8.56283612	165.8	229.8	12.75	4	10
214	16659	1518264107	714	1518264109	41.23967365	-8.5629546	165.6	231.2	12.75	5	10
215	16659	1518264108	707	1518264110	41.23960619	-8.56307784	165.5	232.6	12.75	6	10
216	16659	1518264109	707	1518264111	41.23953913	-8.56320266	165.2	234.1	13	6	10
217	16659	1518264110	707	1518264112	41.23951917	-8.56331706	164.4	240.8	12	5	10
218	16659	1518264111	707	1518264113	41.23947976	-8.56344721	164	244.6	12	5	10
219	16659	1518264112	707	1518264114	41.23943698	-8.56357914	163.7	246.2	12.25	5	10
220	16659	1518264113	707	1518264115	41.2393836	-8.5637243	162.1	249.2	11.75	5	10
221	16659	1518264114	707	1518264116	41.23936397	-8.5638504	161.3	255.3	11	5	10
222	16659	1518264115	835	1518264117	41.2393444	-8.56397622	160.9	255.4	11	5	10
223	16659	1518264116	771	1518264118	41.2393272	-8.56412242	161.2	259.8	12	5	10
224	16659	1518264117	755	1518264119	41.23931109	-8.56426085	161.2	261.3	11.75	6	10
225	16659	1518264118	779	1518264120	41.23928538	-8.56439969	161.1	258.5	12	7	10
226	16659	1518264119	708	1518264121	41.23925608	-8.56451972	161.2	257.4	11.25	7	10
227	16659	1518264121	228	1518264122	41.23923077	-8.56466474	161.1	257.6	11.25	7	10
228	16659	1518264122	900	1518264124	41.23914796	-8.5649046	160.6	250.6	11	6	10
229	16659	1518264125	268	1518264126	41.23906132	-8.56515012	161.1	247.8	11.5	5	9
230	16659	1518264127	252	1518264128	41.23900099	-8.56538268	161.6	248.2	10.25	4	9
231	16659	1518264128	724	1518264130	41.23893853	-8.56554898	160.1	248	6.25	4	9
232	16659	1518264130	261	1518264131	41.23893528	-8.56559376	160.2	248.4	4.25	4	9
233	16659	1518264132	253	1518264133	41.23891437	-8.56564146	158.6	236.3	1.75	4	9
234	16659	1518264134	247	1518264135	41.23888626	-8.56564396	158.7	178.1	1.75	4	9
235	16659	1518264136	272	1518264137	41.23884989	-8.5656089	158.1	123.1	2	4	9
236	16659	1518264137	712	1518264139	41.23886342	-8.56559157	157.5	85.3	1	4	8
237	16659	1518264138	705	1518264140	41.2388626	-8.56557792	157.6	72.1	1.25	3	8
238	16659	1518264139	713	1518264141	41.23886864	-8.56556269	157.7	59	1.5	4	8
239	16659	1518264140	704	1518264142	41.23888076	-8.56554331	157.5	47.9	1.75	4	9
240	16659	1518264141	705	1518264143	41.23889766	-8.56551448	157.9	53.3	2.5	4	9
241	16659	1518264142	705	1518264144	41.2389285	-8.56545557	157.9	55.8	5	4	8
242	16659	1518264143	705	1518264145	41.23897009	-8.56535925	157.8	64.5	6	4	8
243	16659	1518264144	706	1518264146	41.23899619	-8.56527421	158.8	65.4	7.5	4	8
244	16659	1518264145	706	1518264147	41.23903358	-8.56517466	158.7	64.4	9	4	7
245	16659	1518264146	706	1518264148	41.23905898	-8.56505351	158.6	70.1	10	4	7
246	16659	1518264147	705	1518264149	41.23909497	-8.56492567	158.6	70.4	10.75	5	7
247	16659	1518264148	713	1518264150	41.23913452	-8.56479514	158.5	70.1	11.5	5	8
248	16659	1518264149	713	1518264151	41.23917478	-8.56464537	158.5	71.2	12.25	5	8
249	16659	1518264150	708	1518264152	41.23920512	-8.56450919	158.4	71.4	12	5	8
250	16659	1518264151	705	1518264153	41.23922713	-8.56436626	158.1	74.5	12	5	8
251	16659	1518264152	714	1518264154	41.23925431	-8.56422829	158.1	74.4	12	5	8
252	16659	1518264153	706	1518264155	41.23928076	-8.56409046	158.1	75.1	12	6	8
253	16659	1518264154	713	1518264156	41.2392981	-8.56396799	158.1	76.3	11.5	6	8
254	16659	1518264155	706	1518264157	41.23934487	-8.56382634	158.2	73.3	11.5	6	7
255	16659	1518264156	706	1518264158	41.23937766	-8.56371563	159.6	71.3	11.25	5	7
256	16659	1518264157	729	1518264159	41.23940056	-8.56360629	161.1	72.9	11	4	8
257	16659	1518264158	714	1518264160	41.23943889	-8.5634714	160.9	72.1	11.25	4	8
258	16659	1518264159	714	1518264161	41.23950612	-8.56332834	162.9	66.7	11.5	3	8
259	16659	1518264160	715	1518264162	41.23955584	-8.56320377	163.9	62.7	11.5	3	8
260	16659	1518264161	715	1518264163	41.23961174	-8.56308125	164.5	59.4	11.5	4	8
261	16659	1518264162	706	1518264164	41.23966951	-8.56296953	164.9	56.3	11.5	4	8
262	16659	1518264163	709	1518264165	41.23972633	-8.5628587	165	55.1	11.5	4	8
263	16659	1518264164	717	1518264166	41.2397875	-8.56274822	164.9	52.8	11.5	4	8
264	16659	1518264165	714	1518264167	41.23985088	-8.56264248	164.7	51.7	11.5	5	8
265	16659	1518264166	714	1518264168	41.23993717	-8.56253886	165.1	47.1	12	4	8
266	16659	1518264167	730	1518264169	41.24002044	-8.56243766	166	42.1	12	4	8
267	16659	1518264168	715	1518264170	41.24011249	-8.56235203	165.8	36.3	12	4	8
268	16659	1518264169	707	1518264171	41.24020362	-8.56228242	165.9	29.4	12	4	8
269	16659	1518264170	715	1518264172	41.24030657	-8.56223467	165.6	22.1	12	4	8
270	16659	1518264171	715	1518264173	41.24040855	-8.56219692	165.3	15	12.25	4	8
271	16659	1518264172	715	1518264174	41.24052102	-8.56217802	167.5	8.3	12	4	8
272	16659	1518264173	715	1518264175	41.24063283	-8.56217097	168	3.7	12	4	8
273	16659	1518264174	714	1518264176	41.24074081	-8.56216843	168.1	0.5	12.25	4	9
274	16659	1518264176	244	1518264177	41.24084986	-8.56217368	166.9	359.3	12.25	4	9
275	16659	1518264177	919	1518264179	41.24107683	-8.56217938	166.6	359.2	12.25	4	8
276	16659	1518264180	237	1518264181	41.24129218	-8.56218639	166.3	358.4	12	3	9
277	16659	1518264182	263	1518264183	41.24149694	-8.56220039	163.9	357.3	12	4	9
278	16659	1518264183	815	1518264185	41.24171218	-8.56222721	163.6	353.8	11.75	4	9
279	16659	1518264186	248	1518264187	41.24192984	-8.56228525	163.6	347	11.75	4	8
280	16659	1518264187	743	1518264189	41.24213328	-8.56236559	161.5	344.6	12	4	8
281	16659	1518264189	267	1518264190	41.24224088	-8.56238996	161.3	347.9	12	4	8
282	16659	1518264191	268	1518264192	41.2424509	-8.56235112	161.6	14	11.75	3	9
283	16659	1518264193	267	1518264194	41.24262767	-8.56221335	162.3	35.4	11.5	3	8
284	16659	1518264194	772	1518264196	41.24275087	-8.56199562	162.2	57.1	11.5	4	7
285	16659	1518264195	904	1518264197	41.2427762	-8.56185918	162.2	70.1	11.75	4	8
286	16659	1518264197	878	1518264199	41.24281871	-8.56158087	161.8	78	12	4	8
287	16659	1518264200	273	1518264201	41.24286576	-8.56129445	160.8	77.3	12.25	4	8
288	16659	1518264201	744	1518264203	41.24291788	-8.56101161	160.3	76.1	12.25	4	7
289	16659	1518264203	275	1518264204	41.24294497	-8.56087348	160.2	75.8	12	4	8
290	16659	1518264205	250	1518264206	41.24299171	-8.56059452	160	76.5	12	3	8
291	16659	1518264207	260	1518264208	41.24304315	-8.56031559	160.4	76.6	12	4	8
292	16659	1518264208	781	1518264210	41.24309046	-8.56004548	159.5	77.2	11.75	4	8
293	16659	1518264209	845	1518264211	41.24310762	-8.5599114	158.8	77.1	11.75	3	8
294	16659	1518264212	253	1518264213	41.24315788	-8.55963459	158	77.1	11.75	4	8
295	16659	1518264214	271	1518264215	41.24320652	-8.55937309	156.6	76.6	11.75	3	8
296	16659	1518264216	247	1518264217	41.24324996	-8.55911039	155.2	77.3	11.5	4	8
297	16659	1518264217	752	1518264219	41.24329158	-8.55885232	155.2	77.5	11	3	7
298	16659	1518264218	856	1518264220	41.24331276	-8.55873033	155.1	77.6	10.75	4	7
299	16659	1518264221	242	1518264222	41.24335307	-8.55847826	155.2	76.7	10.75	4	7
300	16659	1518264223	259	1518264224	41.24339269	-8.55821882	155.6	76.7	11.25	4	7
301	16659	1518264224	778	1518264226	41.24344018	-8.55795479	156.8	76.6	11.5	3	7
302	16659	1518264225	882	1518264227	41.24346283	-8.5578182	156.7	77.4	11.5	3	7
303	16659	1518264228	260	1518264229	41.24350914	-8.5575436	158.3	77.7	11.5	3	8
304	16659	1518264230	261	1518264231	41.24355442	-8.55727177	159.9	77.6	11.5	3	9
305	16659	1518264231	820	1518264233	41.24360113	-8.55699811	160.1	77.5	12	4	10
306	16659	1518264232	797	1518264234	41.24362553	-8.55685771	160.6	77.2	12.25	3	10
307	16659	1518264233	813	1518264235	41.24365029	-8.55671688	160.7	77.1	12.25	3	9
308	16659	1518264234	927	1518264236	41.2436727	-8.55657648	160.5	77.4	12	3	9
309	16659	1518264237	269	1518264238	41.24372288	-8.55629363	160	76.8	12	4	8
310	16659	1518264239	261	1518264240	41.2437804	-8.55600547	159	76.1	12.25	4	9
311	16659	1518264241	272	1518264242	41.24383138	-8.55572518	158.2	76.6	12.25	3	9
312	16659	1518264242	784	1518264244	41.24387615	-8.55545117	156.9	76.7	12	3	9
313	16659	1518264243	936	1518264245	41.24389899	-8.55531783	156.8	76.5	11.75	4	9
314	16659	1518264246	250	1518264247	41.24394353	-8.55505245	158.1	76.8	11.25	3	9
315	16659	1518264248	267	1518264249	41.24395345	-8.55480098	157.9	92	10.25	4	10
316	16659	1518264249	819	1518264251	41.24387765	-8.55459725	155.7	120	9.25	3	10
317	16659	1518264250	921	1518264252	41.24384161	-8.55449796	156.1	120.9	8.75	3	10
318	16659	1518264253	273	1518264254	41.24382084	-8.55432011	155.5	94.2	7.25	4	10
319	16659	1518264255	272	1518264256	41.24387348	-8.55415714	155.2	66.4	6.75	4	9
320	16659	1518264257	257	1518264258	41.24401478	-8.55408517	156.7	20.1	8	3	10
321	16659	1518264258	794	1518264260	41.24415937	-8.55410166	156	348.6	7.75	3	10
322	16659	1518264259	905	1518264261	41.2442177	-8.55415109	156.1	331.9	7.75	3	10
323	16659	1518264262	251	1518264263	41.24430268	-8.55430492	157.3	301.5	8	4	10
324	16659	1518264264	259	1518264265	41.24429297	-8.5544889	158	263.5	8	3	10
325	16659	1518264265	813	1518264267	41.24419837	-8.55464903	158.5	228.7	8.75	3	9
326	16659	1518264266	890	1518264268	41.24413838	-8.55471987	158.3	222.9	8.75	4	9
327	16659	1518264269	268	1518264270	41.24400719	-8.55491192	158	231.6	11.25	4	9
328	16659	1518264271	269	1518264272	41.24393228	-8.5551862	156.3	254.5	12	3	9
329	16659	1518264273	271	1518264274	41.24388634	-8.55546272	156.2	257.5	11.75	4	9
330	16659	1518264274	797	1518264276	41.24383999	-8.55572783	156.6	256.5	11.5	5	9
331	16659	1518264275	957	1518264277	41.24381364	-8.5558601	156.8	255.8	11.25	5	9
332	16659	1518264277	949	1518264279	41.24375472	-8.55613091	157.4	254.9	11.5	6	9
333	16659	1518264280	261	1518264281	41.24370303	-8.55638664	157.3	255.1	11.5	7	9
334	16659	1518264281	812	1518264283	41.24365955	-8.55666174	157.7	257.2	11.75	4	9
335	16659	1518264282	916	1518264284	41.24365081	-8.5568042	158.5	258.2	12	3	9
336	16659	1518264285	269	1518264286	41.24361243	-8.5570922	159	258	12	4	9
337	16659	1518264287	269	1518264288	41.24355698	-8.5573791	156.4	257.1	12.25	3	9
338	16659	1518264288	853	1518264290	41.24350038	-8.55766337	154.6	256.6	12.25	3	9
339	16659	1518264289	886	1518264291	41.24346655	-8.55780535	153.6	256.7	12.25	3	9
340	16659	1518264290	799	1518264292	41.24344164	-8.5579412	152.9	257.1	12	3	9
341	16659	1518264291	926	1518264293	41.24341311	-8.55808662	152.2	257.1	12	3	9
342	16659	1518264294	254	1518264295	41.24336752	-8.55836444	151.8	257.4	12	3	9
343	16659	1518264295	750	1518264297	41.24332533	-8.55863852	151.5	258	11.75	3	9
344	16659	1518264296	718	1518264298	41.243302	-8.55877418	150.7	258	11.75	3	9
345	16659	1518264297	717	1518264299	41.2432828	-8.55891146	150.4	257.8	11.75	3	9
346	16659	1518264298	726	1518264300	41.24325766	-8.55904879	150	257	11.75	3	9
347	16659	1518264299	719	1518264301	41.24323269	-8.55918504	150.1	257.2	11.25	3	8
348	16659	1518264300	719	1518264302	41.24321138	-8.55931448	150.7	257.6	11	3	9
349	16659	1518264301	726	1518264303	41.24319054	-8.55943933	151.7	257.6	10.75	3	9
350	16659	1518264302	729	1518264304	41.24316613	-8.55956671	153	257.7	10.75	3	9
351	16659	1518264303	720	1518264305	41.24314228	-8.55969373	153.7	257	10.75	3	9
352	16659	1518264304	726	1518264306	41.24311878	-8.55982097	154.3	256.7	11	3	9
353	16659	1518264305	726	1518264307	41.24309767	-8.55995477	154.9	256.6	11.25	4	9
354	16659	1518264306	718	1518264308	41.24307498	-8.56008634	155.2	256.8	11.25	3	9
355	16659	1518264307	718	1518264309	41.24305255	-8.56021947	155.8	257	11.5	3	9
356	16659	1518264308	726	1518264310	41.24302929	-8.56034765	156.4	256.9	11.5	4	9
357	16659	1518264309	727	1518264311	41.2430064	-8.56048508	156.7	257	11.5	4	9
358	16659	1518264310	719	1518264312	41.24297774	-8.56062372	156.3	256.5	11.5	4	9
359	16659	1518264311	719	1518264313	41.24295162	-8.5607553	155.9	255.7	11.5	4	9
360	16659	1518264312	727	1518264314	41.2429278	-8.5608937	155.8	256.7	11.75	4	9
361	16659	1518264313	727	1518264315	41.24290464	-8.5610302	156.4	257	11.75	3	9
362	16659	1518264314	728	1518264316	41.24288149	-8.56116595	157	257.2	11.5	3	9
363	16659	1518264315	720	1518264317	41.24286011	-8.56130207	157.6	257	11.75	4	9
364	16659	1518264316	729	1518264318	41.24283601	-8.56143806	157.7	256.7	11.75	4	9
365	16659	1518264317	747	1518264319	41.24281563	-8.5615734	157.6	257	11.75	5	9
366	16659	1518264318	727	1518264320	41.24278957	-8.56171467	157.2	255.7	11.75	5	9
367	16659	1518264319	720	1518264321	41.242765	-8.56185516	157.1	255.7	11.75	5	9
368	16659	1518264320	728	1518264322	41.24274713	-8.56199848	157.2	256.5	12	4	9
369	16659	1518264321	728	1518264323	41.24273958	-8.56214471	157.3	265.1	12.5	4	9
370	16659	1518264322	727	1518264324	41.24276363	-8.56226199	156.7	274.9	11.5	4	9
371	16659	1518264323	719	1518264325	41.24283247	-8.56236193	156.7	294.5	11.25	3	9
372	16659	1518264324	721	1518264326	41.24287795	-8.56247872	157.1	296.7	10.75	4	9
373	16659	1518264325	720	1518264327	41.24290574	-8.56259666	157.3	289.2	10.25	4	9
374	16659	1518264326	720	1518264328	41.24287186	-8.56270249	157.3	261.8	9.5	3	9
375	16659	1518264327	719	1518264329	41.24283369	-8.56280284	158.3	244.3	9.25	4	9
376	16659	1518264328	735	1518264330	41.24276954	-8.5628736	156.8	225.4	8.5	3	8
377	16659	1518264329	720	1518264331	41.2426867	-8.5629151	156.6	203.6	9.25	3	8
378	16659	1518264330	721	1518264332	41.24260091	-8.56291909	157.1	183.2	9.25	4	8
379	16659	1518264331	722	1518264333	41.24251557	-8.56287372	158.8	163.7	9.5	4	8
380	16659	1518264332	730	1518264334	41.24244836	-8.56279951	158.9	142.9	9.5	4	8
381	16659	1518264333	747	1518264335	41.24238096	-8.5627184	158.6	136.4	9.75	4	8
382	16659	1518264335	274	1518264336	41.24232362	-8.56261919	158.3	131.9	10.25	5	8
383	16659	1518264336	792	1518264338	41.24214158	-8.56243817	158.9	148.6	12.5	3	9
384	16659	1518264337	866	1518264339	41.24203182	-8.56238053	159.7	159.1	12.5	3	9
385	16659	1518264340	258	1518264341	41.24182349	-8.56231614	160.7	167	12	4	9
386	16659	1518264342	273	1518264343	41.24161393	-8.56225623	161.2	171.9	11.75	3	9
387	16659	1518264343	833	1518264345	41.24139547	-8.56223568	161.3	175.9	12	4	9
388	16659	1518264344	882	1518264346	41.24129045	-8.5622413	160.7	178.3	11.75	3	8
389	16659	1518264346	915	1518264348	41.24108014	-8.56223694	161.5	179.1	11.5	3	8
390	16659	1518264349	274	1518264350	41.24086606	-8.56223318	162.7	178.4	11.75	3	9
391	16659	1518264351	280	1518264352	41.24065632	-8.56221182	162.9	179.2	11.75	3	9
392	16659	1518264352	729	1518264354	41.2404358	-8.56223765	163.5	185.8	12	3	9
393	16659	1518264353	736	1518264355	41.24032936	-8.56226887	163.7	191.9	12.25	3	9
394	16659	1518264354	720	1518264356	41.24022532	-8.56231146	164.2	197.9	12.25	3	9
395	16659	1518264355	721	1518264357	41.24012917	-8.56237732	164.2	204.5	12	3	9
396	16659	1518264356	736	1518264358	41.24003746	-8.56245106	164.6	211.7	12	3	9
397	16659	1518264357	728	1518264359	41.23995355	-8.56254248	164.4	218.4	12	3	8
398	16659	1518264358	729	1518264360	41.23987618	-8.5626437	164.2	224.5	12.25	4	8
399	16659	1518264359	721	1518264361	41.23980472	-8.56275567	164.5	228.9	12.25	4	7
400	16659	1518264360	723	1518264362	41.23974153	-8.56286971	164.2	231.9	12	4	7
401	16659	1518264361	721	1518264363	41.23968182	-8.56299479	163.5	233.9	12	3	8
402	16659	1518264362	721	1518264364	41.23961808	-8.56311417	163.4	235.9	12	3	8
403	16659	1518264363	722	1518264365	41.23956299	-8.56323887	163.3	237.8	12	4	8
404	16659	1518264364	730	1518264366	41.23951126	-8.56336296	163.1	240.2	12	4	8
405	16659	1518264365	730	1518264367	41.23946638	-8.56349345	163.1	245.8	11.75	4	8
406	16659	1518264366	730	1518264368	41.23943265	-8.56362065	162.7	249.5	12	4	8
407	16659	1518264367	729	1518264369	41.23940013	-8.56375626	162.3	251.1	12	5	8
408	16659	1518264368	722	1518264370	41.23937649	-8.56390032	162.5	252.5	12.25	4	8
409	16659	1518264369	721	1518264371	41.23934558	-8.56404493	162.1	252.5	12.25	5	8
410	16659	1518264370	730	1518264372	41.23933718	-8.56415447	161.9	257.4	11	5	8
411	16659	1518264371	721	1518264373	41.23931579	-8.56428138	161.9	257.5	11	6	8
412	16659	1518264374	227	1518264375	41.23925168	-8.56456272	161.2	253.7	11.25	6	8
413	16659	1518264375	724	1518264377	41.23916347	-8.56483187	160.3	251.6	11.25	4	9
414	16659	1518264376	724	1518264378	41.23913845	-8.56494909	160	248.1	11.25	4	9
415	16659	1518264377	722	1518264379	41.23909893	-8.56507032	160.6	248.2	11.25	4	9
416	16659	1518264378	725	1518264380	41.23904842	-8.56520708	160.7	248.2	11	4	9
417	16659	1518264379	723	1518264381	41.23900796	-8.5653075	160.7	248.9	10.5	4	9
418	16659	1518264380	724	1518264382	41.23897577	-8.56541944	160.6	247.2	9.75	4	8
419	16659	1518264381	723	1518264383	41.23895748	-8.56550667	161	248	8.5	4	9
420	16659	1518264382	724	1518264384	41.23893054	-8.56558692	160.8	247.5	7	4	9
421	16659	1518264383	724	1518264385	41.23890505	-8.56564841	160.4	244.5	5.25	4	9
422	16659	1518264384	723	1518264386	41.23889644	-8.56567763	161.2	244.4	3.25	4	9
423	16659	1518264385	726	1518264387	41.23888403	-8.56568985	160.9	221.5	1.75	4	9
424	16659	1518264386	724	1518264388	41.23888563	-8.5656934	161.1	221.5	0.25	4	9
425	16659	1518264387	733	1518264389	41.23888251	-8.56569317	161.5	0	0	3	9
426	16659	1518264388	724	1518264390	41.23888118	-8.56569183	161.4	0	0	3	9
427	16659	1518264389	724	1518264391	41.23887963	-8.56569272	161.5	0	0	3	9
428	16659	1518264390	732	1518264392	41.23888054	-8.56569076	161.4	0	0	3	9
429	16659	1518264391	725	1518264393	41.23887975	-8.56568748	161.3	0	0	3	9
430	16659	1518264392	724	1518264394	41.23888046	-8.56568725	161.3	0	0	3	9
431	16659	1518264393	725	1518264395	41.23888274	-8.56568643	161.1	0	0	3	9
432	16659	1518264394	725	1518264396	41.23888314	-8.56568617	161.1	0	0	3	9
433	16659	1518264395	725	1518264397	41.23888296	-8.56568552	161.1	0	0	3	9
434	16659	1518264396	724	1518264398	41.23888208	-8.56568508	161.1	0	0	3	9
435	16659	1518264397	725	1518264399	41.238882	-8.56568506	161.1	0	0	3	9
436	16659	1518264398	724	1518264400	41.23888202	-8.56568519	161.1	0	0	4	9
437	16659	1518264399	725	1518264401	41.23888187	-8.5656852	161.1	0	0	4	9
438	16659	1518264400	725	1518264402	41.23888194	-8.56568518	161.1	0	0	4	9
439	16659	1518264401	725	1518264403	41.23888203	-8.56568516	161.1	0	0	4	9
440	16659	1518264402	726	1518264404	41.23887747	-8.56568832	161.1	207.6	1	4	9
441	16659	1518264403	725	1518264405	41.23885605	-8.56570112	160.6	185.2	1.25	5	9
442	16659	1518264404	725	1518264406	41.23880335	-8.56569044	157.8	161.1	2.25	3	8
443	16659	1518264405	726	1518264407	41.23878028	-8.56567466	158.1	132.4	2.25	3	8
444	16659	1518264406	725	1518264408	41.23879596	-8.56565427	160	108.6	1.75	4	8
445	16659	1518264407	727	1518264409	41.23879213	-8.56565283	161.2	94.1	0.75	4	9
446	16659	1518264408	726	1518264410	41.23880138	-8.56564287	161	94.1	0.5	3	9
447	16659	1518264409	725	1518264411	41.23880371	-8.56563598	160.8	94.1	0.5	4	8
448	16659	1518264410	734	1518264412	41.23880781	-8.56562711	161.1	94.1	0.75	4	8
449	16659	1518264411	726	1518264413	41.23881411	-8.56561412	160.5	65.4	1	4	8
450	16659	1518264412	726	1518264414	41.23883028	-8.5655756	160.2	64.2	2.75	4	8
451	16659	1518264413	726	1518264415	41.23885387	-8.56552116	159.7	62.8	4.25	4	8
452	16659	1518264414	726	1518264416	41.23888268	-8.56545286	159.7	63.4	5.75	4	7
453	16659	1518264415	726	1518264417	41.23893286	-8.56535054	159.3	67.1	7	4	7
454	16659	1518264416	726	1518264418	41.23897051	-8.56523964	159.1	69.1	8.75	5	7
455	16659	1518264417	727	1518264419	41.23902415	-8.56511988	158.4	66.1	10.25	5	7
456	16659	1518264418	727	1518264420	41.23906748	-8.56497295	158.4	68.2	11.5	4	7
457	16659	1518264419	728	1518264421	41.23910899	-8.56482795	158.3	69.8	12.5	5	7
458	16659	1518264420	726	1518264422	41.23915355	-8.56468043	158.3	69.7	12.75	5	7
459	16659	1518264421	726	1518264423	41.23919532	-8.5645395	159.7	71	12.5	4	7
460	16659	1518264422	726	1518264424	41.2392316	-8.56439975	159.4	70.4	12.5	4	7
461	16659	1518264423	742	1518264425	41.23926835	-8.56425873	159.4	70.8	12.5	5	7
462	16659	1518264424	743	1518264426	41.23930523	-8.56411788	159.5	70.9	12.5	5	6
463	16659	1518264425	727	1518264427	41.23933174	-8.56398093	159.5	73	12.25	5	7
464	16659	1518264426	727	1518264428	41.23938156	-8.56385236	160.4	70.3	12	5	7
465	16659	1518264427	742	1518264429	41.2394098	-8.56371127	159.9	70.8	12.25	4	7
466	16659	1518264429	270	1518264430	41.23944223	-8.56358872	159.9	71.7	11.75	4	7
467	16659	1518264430	862	1518264432	41.23952678	-8.56329997	159.3	65.9	12	4	8
468	16659	1518264431	823	1518264433	41.23959144	-8.56316709	159	62.1	12	4	8
469	16659	1518264432	791	1518264434	41.23963784	-8.56304894	159.7	58	12.25	3	8
470	16659	1518264433	879	1518264435	41.23970205	-8.56292109	159.3	55.6	12	4	8
471	16659	1518264436	259	1518264437	41.2398331	-8.56269099	159.2	51.7	12	5	8
472	16659	1518264437	745	1518264439	41.23998431	-8.56247847	158.5	45.7	12.5	4	8
473	16659	1518264438	730	1518264440	41.24008263	-8.56238884	158.9	38.8	12.5	4	8
474	16659	1518264439	730	1518264441	41.24019184	-8.56230935	158.9	30.9	12.5	4	7
475	16659	1518264440	730	1518264442	41.24028073	-8.56225713	158.1	23.2	12.5	4	9
476	16659	1518264441	731	1518264443	41.24039855	-8.56221302	159.1	16.8	12.5	3	9
477	16659	1518264442	731	1518264444	41.24050382	-8.56219214	160.4	10.9	12.75	4	9
478	16659	1518264443	732	1518264445	41.24061642	-8.56218238	161.4	5.1	12.5	4	9
479	16659	1518264444	731	1518264446	41.24073108	-8.56218359	161.6	0.9	12.75	4	9
480	16659	1518264445	731	1518264447	41.24084808	-8.56219018	161.5	359.3	12.75	3	9
481	16659	1518264446	740	1518264448	41.24096315	-8.56219137	161.5	359	12.75	3	9
482	16659	1518264447	738	1518264449	41.24107905	-8.56219406	161.1	359.1	12.75	4	9
483	16659	1518264448	731	1518264450	41.24119542	-8.56219867	160.7	358.9	12.75	4	9
484	16659	1518264449	732	1518264451	41.24130567	-8.56220257	159.9	358.7	12.75	3	9
485	16659	1518264450	740	1518264452	41.24141922	-8.56220461	160.2	358.5	12.75	3	9
486	16659	1518264451	731	1518264453	41.24152188	-8.56221122	159.2	358.2	12.5	3	9
487	16659	1518264452	731	1518264454	41.24163375	-8.56221812	158.7	356.2	12.5	3	9
488	16659	1518264453	731	1518264455	41.24174399	-8.56224212	158.8	351.6	12.25	4	9
489	16659	1518264454	732	1518264456	41.24184947	-8.56227998	158.4	347.9	12.25	4	9
490	16659	1518264455	732	1518264457	41.24195891	-8.56231806	157.5	345.7	12.25	3	9
491	16659	1518264456	741	1518264458	41.24205912	-8.56235397	157.1	344.2	11.75	4	8
492	16659	1518264457	747	1518264459	41.24215128	-8.56239097	157.1	344.1	11	4	8
493	16659	1518264458	732	1518264460	41.24223627	-8.56241607	156.4	348.4	10	3	8
494	16659	1518264459	740	1518264461	41.2423257	-8.5624189	156.4	356.7	10	4	8
495	16659	1518264460	734	1518264462	41.2424191	-8.56236597	156.8	15.4	10.25	3	8
496	16659	1518264461	735	1518264463	41.24250535	-8.5623044	156.4	26.1	10.5	3	8
497	16659	1518264462	732	1518264464	41.24258796	-8.56223201	156.4	33.5	11	3	9
498	16659	1518264463	732	1518264465	41.24266284	-8.56214529	156.4	41.6	11.25	4	9
499	16659	1518264464	732	1518264466	41.24272349	-8.56203169	156.4	52.9	11.5	4	8
500	16659	1518264465	732	1518264467	41.24276991	-8.56190401	156.5	61.4	12.25	4	8
501	16659	1518264466	747	1518264468	41.24278655	-8.56174176	156.4	76.2	13	3	8
502	16659	1518264467	740	1518264469	41.24280986	-8.56157203	155.5	78.7	14.25	4	8
503	16659	1518264468	733	1518264470	41.24284076	-8.56137914	154.7	78.2	16	4	8
504	16659	1518264469	733	1518264471	41.24287478	-8.56117581	154.2	77.4	17.25	4	8
505	16659	1518264470	732	1518264472	41.24290843	-8.56097483	154	76.5	17.25	4	8
506	16659	1518264471	732	1518264473	41.2429461	-8.56077234	153.9	76.4	17	4	8
507	16659	1518264472	733	1518264474	41.24297946	-8.56057723	153.1	77	16.75	4	8
508	16659	1518264473	733	1518264475	41.24301178	-8.56039126	152.2	77.5	16.25	3	8
509	16659	1518264474	734	1518264476	41.24303631	-8.56021248	151.9	77.6	15.25	3	8
510	16659	1518264475	733	1518264477	41.24306451	-8.5600461	151.1	77	14.5	4	8
511	16659	1518264476	734	1518264478	41.24308792	-8.55989394	150.5	77	13.5	4	8
512	16659	1518264477	732	1518264479	41.24311189	-8.55975106	150.3	77.2	12.75	4	8
513	16659	1518264478	733	1518264480	41.24313318	-8.55960647	149.3	77.1	12.25	4	8
514	16659	1518264479	734	1518264481	41.24316053	-8.55946072	147.6	76.7	12.25	3	8
515	16659	1518264480	741	1518264482	41.24318697	-8.55932012	147.8	76.8	12.5	4	8
516	16659	1518264481	734	1518264483	41.24321738	-8.55917709	147.3	77.2	12.5	3	8
517	16659	1518264482	733	1518264484	41.24324321	-8.55903593	147.6	77.6	12.25	3	8
518	16659	1518264483	733	1518264485	41.24326506	-8.55889561	147.5	77.3	12	4	8
519	16659	1518264484	736	1518264486	41.24329169	-8.55876249	148.8	76.6	11.5	3	8
520	16659	1518264485	734	1518264487	41.24332019	-8.55862655	149.7	75.9	11.5	3	8
521	16659	1518264486	741	1518264488	41.24334244	-8.55850276	151.1	75.8	11.5	3	8
522	16659	1518264488	272	1518264489	41.24336716	-8.55837683	152.1	75.8	11.5	3	8
523	16659	1518264489	776	1518264491	41.24341746	-8.55810933	153.6	76.8	11.75	4	8
524	16659	1518264490	912	1518264492	41.24344128	-8.55796779	154.7	78	12	3	8
525	16659	1518264492	930	1518264494	41.24348803	-8.55768485	155.9	78	12	3	9
526	16659	1518264494	873	1518264496	41.24353728	-8.55740326	156.9	77.3	12.25	4	9
527	16659	1518264495	881	1518264497	41.24355679	-8.55725981	157.5	77.1	12.25	3	9
528	16659	1518264496	857	1518264498	41.24358298	-8.55711567	157.7	76.8	12.25	4	9
529	16659	1518264497	889	1518264499	41.24360861	-8.556969	158.1	77.3	12.5	4	8
530	16659	1518264498	801	1518264500	41.24363249	-8.55682177	158.1	77.6	12.5	4	8
531	16659	1518264499	897	1518264501	41.2436557	-8.55667227	158.3	77.7	12.75	4	8
532	16659	1518264502	260	1518264503	41.24370368	-8.55638154	158.9	77.3	12.5	3	8
533	16659	1518264503	893	1518264505	41.24375358	-8.55608238	157.3	76.9	12.75	3	8
534	16659	1518264504	828	1518264506	41.24377914	-8.55593091	157.5	76.9	12.75	3	8
535	16659	1518264505	836	1518264507	41.24380444	-8.5557895	157	76.8	12.75	3	8
536	16659	1518264506	923	1518264508	41.243829	-8.55564941	156.6	76.9	12.75	3	8
537	16659	1518264508	916	1518264510	41.24388284	-8.55536289	156.3	77	12.25	3	8
538	16659	1518264510	907	1518264512	41.24393498	-8.55508285	157.6	76.5	11.75	3	8
539	16659	1518264512	877	1518264514	41.24395936	-8.55481522	158.3	85.9	11.25	4	8
540	16659	1518264513	907	1518264515	41.24392752	-8.5547081	158.2	105.9	9.75	3	9
541	16659	1518264514	811	1518264516	41.24388103	-8.55461057	157.7	119.1	9.75	4	9
542	16659	1518264515	941	1518264517	41.24383758	-8.55452078	157.5	120.3	9.25	3	9
543	16659	1518264518	278	1518264519	41.24382396	-8.55430477	156.7	89.2	8.5	4	9
544	16659	1518264519	886	1518264521	41.24393454	-8.55412213	156.2	43.9	9.5	3	9
545	16659	1518264520	838	1518264522	41.24401937	-8.55408094	156.4	21.5	9.75	3	9
546	16659	1518264521	836	1518264523	41.24410507	-8.55407923	156.7	1.7	9.5	4	9
547	16659	1518264522	863	1518264524	41.2441864	-8.55412909	156.6	340.2	9.75	3	9
548	16659	1518264523	781	1518264525	41.24425485	-8.55419993	157.2	320.5	9.5	4	9
549	16659	1518264524	941	1518264526	41.24430126	-8.55430729	157.2	303.1	10.25	4	9
550	16659	1518264526	932	1518264528	41.24432266	-8.5545092	156.7	276.4	8	5	9
551	16659	1518264528	861	1518264530	41.244131	-8.55470947	154.7	219.9	10.5	3	9
552	16659	1518264529	909	1518264531	41.24405731	-8.55478914	155.2	219.4	11	3	9
553	16659	1518264531	910	1518264533	41.24395434	-8.55504847	154.6	245.6	12.25	3	9
554	16659	1518264534	269	1518264535	41.24390776	-8.55534322	153.1	257.6	12.25	3	9
555	16659	1518264535	893	1518264537	41.2438575	-8.5556199	153.5	257.1	11.75	3	8
556	16659	1518264536	807	1518264538	41.24383358	-8.55575936	154.1	256.8	11.75	3	7
557	16659	1518264537	837	1518264539	41.24380523	-8.55589153	154.1	256.9	11.75	3	8
558	16659	1518264538	919	1518264540	41.24377977	-8.55602949	155.1	256.7	11.75	3	9
559	16659	1518264540	925	1518264542	41.24372778	-8.55630753	156	256.7	12	3	9
560	16659	1518264542	917	1518264544	41.24368108	-8.55658868	156.7	257	12.25	3	9
561	16659	1518264544	861	1518264546	41.24363478	-8.55688517	156.8	257.5	12.5	4	8
562	16659	1518264545	871	1518264547	41.24361141	-8.55703212	156.6	257.9	12.5	4	8
563	16659	1518264546	798	1518264548	41.24358968	-8.55718035	156.6	258.2	12.75	3	8
564	16659	1518264547	893	1518264549	41.24355906	-8.55732754	155.7	257.7	12.75	3	8
565	16659	1518264550	271	1518264551	41.24349953	-8.55762995	153.1	255.8	12.75	3	9
566	16659	1518264551	895	1518264553	41.24345036	-8.55792361	151.6	256.6	12.75	3	9
567	16659	1518264552	832	1518264554	41.24341848	-8.55806978	150.7	256.9	12.5	3	9
568	16659	1518264553	840	1518264555	41.24339068	-8.55821552	149.9	256.9	12.5	3	9
569	16659	1518264554	927	1518264556	41.24336813	-8.55835783	149.5	256.6	12.5	3	9
570	16659	1518264556	911	1518264558	41.24331491	-8.55864664	147.4	257.3	12.5	3	9
571	16659	1518264558	911	1518264560	41.24326714	-8.55893524	146.6	257.4	12.25	3	9
572	16659	1518264560	855	1518264562	41.24322373	-8.55921828	146.3	257.7	11.75	3	8
573	16659	1518264561	912	1518264563	41.24319879	-8.55935167	146.3	257.1	11.75	4	8
574	16659	1518264563	876	1518264565	41.24314843	-8.5596175	147.7	257.2	12	4	9
575	16659	1518264565	880	1518264567	41.24309314	-8.55996641	149.5	257	15.5	3	9
576	16659	1518264567	848	1518264569	41.2430162	-8.56039219	150.7	257	19.25	4	9
577	16659	1518264568	891	1518264570	41.24297231	-8.56063845	150.6	256.7	20.75	4	9
578	16659	1518264570	912	1518264572	41.24287851	-8.56116136	151.1	256.5	22.25	4	9
579	16659	1518264572	932	1518264574	41.24279378	-8.56161859	152.1	256.3	19	4	9
580	16659	1518264574	864	1518264576	41.24272846	-8.56197429	153.5	257.4	14.25	3	9
581	16659	1518264575	859	1518264577	41.24270586	-8.56213095	154	260	13.5	4	9
582	16659	1518264576	825	1518264578	41.24272867	-8.5622392	153.6	272.3	11.25	4	9
583	16659	1518264577	938	1518264579	41.24279549	-8.56234502	153.6	294.4	11.25	4	9
584	16659	1518264579	931	1518264581	41.24286453	-8.5625819	154	285.8	10.75	4	9
585	16659	1518264581	746	1518264583	41.24278925	-8.56282273	154.1	239	10.75	3	9
586	16659	1518264582	746	1518264584	41.24270679	-8.56289288	154.1	216.7	10.75	4	8
587	16659	1518264584	274	1518264585	41.24261261	-8.56291851	155.3	192.7	11.25	3	7
588	16659	1518264585	778	1518264587	41.2424364	-8.56286583	155.6	160.9	9.75	4	8
589	16659	1518264586	966	1518264588	41.2423617	-8.56275024	154.8	142.5	10.75	5	8
590	16659	1518264588	908	1518264590	41.24223214	-8.56253665	154.2	133.3	11.25	4	9
591	16659	1518264590	748	1518264592	41.24204634	-8.5624133	155.9	158	11.5	3	9
592	16659	1518264591	740	1518264593	41.24195709	-8.56237549	159.1	164.8	11.25	3	9
593	16659	1518264592	747	1518264594	41.24185475	-8.5623376	159.4	168.2	11.5	4	9
594	16659	1518264593	746	1518264595	41.24175188	-8.56231441	160.5	170.2	11.5	4	9
595	16659	1518264594	739	1518264596	41.24164827	-8.56229086	160.8	172.3	11.75	3	9
596	16659	1518264595	747	1518264597	41.24154293	-8.56227313	161.6	174.1	11.75	3	9
597	16659	1518264596	747	1518264598	41.24144526	-8.56226272	162.3	175.4	11.75	3	9
598	16659	1518264597	748	1518264599	41.2413395	-8.56225436	162.6	177.4	11.75	3	9
599	16659	1518264598	739	1518264600	41.24123916	-8.56225043	163.8	178.5	11.5	3	9
600	16659	1518264599	742	1518264601	41.24113453	-8.56224609	163.5	178.7	11.5	3	9
601	16659	1518264600	740	1518264602	41.24102394	-8.56224117	163.6	178.6	11.5	3	9
602	16659	1518264601	741	1518264603	41.24091951	-8.56223271	163.5	178.3	11.75	3	9
603	16659	1518264602	740	1518264604	41.24081699	-8.56222613	163.9	178.4	11.75	3	9
604	16659	1518264603	747	1518264605	41.24071359	-8.56222516	164.3	178.5	11.75	3	9
605	16659	1518264604	739	1518264606	41.24060779	-8.56221714	164	178.3	12	3	9
606	16659	1518264605	747	1518264607	41.24049966	-8.56222316	164.1	181.8	12	3	9
607	16659	1518264606	748	1518264608	41.24039017	-8.5622509	165.3	189	12	3	9
608	16659	1518264607	747	1518264609	41.24028582	-8.562292	165	195.8	12	3	9
609	16659	1518264608	749	1518264610	41.24018536	-8.56234302	164.6	203	12.25	3	9
610	16659	1518264609	748	1518264611	41.24009164	-8.5624209	164.5	209.7	12.25	4	9
611	16659	1518264610	745	1518264612	41.24000497	-8.56251216	164.4	216.3	12.25	3	9
612	16659	1518264611	749	1518264613	41.23992538	-8.56260684	164.4	221.8	12.25	4	9
613	16659	1518264612	749	1518264614	41.23984962	-8.56271381	164	226.6	12.25	4	9
614	16659	1518264613	749	1518264615	41.23978437	-8.56282696	163.8	230.3	12	4	7
615	16659	1518264614	741	1518264616	41.23971934	-8.56294343	164	232.3	12	4	7
616	16659	1518264615	748	1518264617	41.23965499	-8.56306014	164.1	234.3	12	4	8
617	16659	1518264616	740	1518264618	41.23959339	-8.56318245	164	237.2	12	4	8
618	16659	1518264617	741	1518264619	41.23953921	-8.56330701	164.1	239.5	12	4	8
619	16659	1518264618	741	1518264620	41.23949081	-8.56343713	164	242.7	12	4	9
620	16659	1518264619	744	1518264621	41.23944507	-8.56355844	164.1	243.8	12	5	9
621	16659	1518264620	749	1518264622	41.2394002	-8.56368886	164.2	245.3	12	5	9
622	16659	1518264621	764	1518264623	41.23937774	-8.56382423	163.6	251.6	12	4	9
623	16659	1518264622	741	1518264624	41.23935016	-8.56395914	163.7	253.2	12	4	9
624	16659	1518264623	741	1518264625	41.23932243	-8.56409379	163.7	254.8	11.75	5	9
625	16659	1518264624	741	1518264626	41.23929272	-8.56422935	163.7	253.8	11.75	5	9
626	16659	1518264625	741	1518264627	41.23925833	-8.56438441	163.6	253.6	12.5	6	9
627	16659	1518264626	742	1518264628	41.23922425	-8.56448901	163.8	250.5	11.5	5	9
628	16659	1518264627	757	1518264629	41.2392021	-8.56462075	163.9	252.5	11.25	4	9
629	16659	1518264628	760	1518264630	41.23917272	-8.56476336	163.3	251.3	11.5	4	9
630	16659	1518264629	901	1518264631	41.23914033	-8.56490448	162.4	250.9	11.5	4	9
631	16659	1518264631	846	1518264633	41.23906435	-8.56517549	161.2	249.7	11.5	4	9
632	16659	1518264632	903	1518264634	41.23901602	-8.56530829	161.3	247.7	11.5	4	9
633	16659	1518264634	912	1518264636	41.23894414	-8.56553898	159.5	246.2	9.75	4	8
634	16659	1518264636	918	1518264638	41.23890115	-8.56566952	158.5	247.6	5.25	4	8
635	16659	1518264638	878	1518264640	41.23887423	-8.56570246	158.6	225.6	2	5	9
636	16659	1518264639	863	1518264641	41.23888212	-8.56568936	158.2	225.6	0.75	5	9
637	16659	1518264640	823	1518264642	41.23889018	-8.56567303	157.8	225.6	0.25	5	9
638	16659	1518264641	929	1518264643	41.23887102	-8.56567093	157.5	194.7	1.25	4	9
639	16659	1518264643	930	1518264645	41.23882563	-8.56564806	155.4	148.6	2.25	4	9
640	16659	1518264645	903	1518264647	41.2388336	-8.5656209	155.2	79.5	1	4	9
641	16659	1518264647	831	1518264649	41.23884298	-8.56559538	154.9	60.3	1.25	4	9
642	16659	1518264648	919	1518264650	41.23885259	-8.56557453	155.5	52.3	1.75	4	9
643	16659	1518264650	951	1518264652	41.23888364	-8.56549974	155.6	60.7	4	5	9
644	16659	1518264652	887	1518264654	41.23895807	-8.56530871	155.1	68.4	8	5	7
645	16659	1518264654	870	1518264656	41.23902484	-8.56503897	155.2	69.7	11	5	7
646	16659	1518264655	847	1518264657	41.23907354	-8.56490464	155.1	68.1	11.25	5	7
647	16659	1518264656	815	1518264658	41.23911424	-8.56476823	155.1	69.1	11.75	5	8
648	16659	1518264657	879	1518264659	41.23915303	-8.56462912	155.6	70.6	12	4	9
649	16659	1518264659	841	1518264661	41.23922147	-8.56434199	154.7	74.4	12.5	4	9
650	16659	1518264660	772	1518264662	41.23925186	-8.56419831	154.7	74.4	12.5	5	9
651	16659	1518264662	743	1518264664	41.23931622	-8.56391961	154.6	73.1	12.25	5	9
652	16659	1518264663	744	1518264665	41.23935126	-8.56378079	154.7	72.5	12.25	5	8
653	16659	1518264664	752	1518264666	41.23939885	-8.56366667	155.1	70	12.25	5	8
654	16659	1518264665	776	1518264667	41.23941027	-8.56352996	156.1	72.3	11.75	6	8
655	16659	1518264666	906	1518264668	41.23943984	-8.56339275	156.7	72.3	11.75	6	8
656	16659	1518264668	897	1518264670	41.23958723	-8.5631236	158.5	60.8	12	4	8
657	16659	1518264670	872	1518264672	41.23971259	-8.56288876	159.6	55.9	12	5	8
658	16659	1518264672	768	1518264674	41.23984831	-8.56266347	158.6	51.6	12.25	5	8
659	16659	1518264673	744	1518264675	41.23991927	-8.56255355	158.9	49	12.5	5	8
660	16659	1518264674	745	1518264676	41.24001777	-8.56244767	158.5	43.7	12.5	4	8
661	16659	1518264676	273	1518264677	41.24011817	-8.56235898	158.5	36.4	12.5	4	7
662	16659	1518264677	921	1518264679	41.24031708	-8.56224434	158.5	21.2	12.5	4	9
663	16659	1518264679	873	1518264681	41.24053863	-8.56219047	162.5	8.7	12.5	4	9
664	16659	1518264681	32	1518264682	41.24065076	-8.56217527	164.1	5.5	12.5	5	9
665	16659	1518264682	969	1518264684	41.24087617	-8.56218138	166.9	359.1	12.75	4	9
666	16659	1518264684	937	1518264686	41.24110436	-8.56218677	166.5	358.5	12.75	4	9
667	16659	1518264686	873	1518264688	41.24133933	-8.56218613	165.8	359.9	12.5	4	9
668	16659	1518264687	850	1518264689	41.24145249	-8.56219228	164.2	358.4	12.75	3	9
669	16659	1518264688	833	1518264690	41.24156602	-8.56220405	163.8	357.4	12.5	3	9
670	16659	1518264689	913	1518264691	41.24168297	-8.56221981	164	354.2	12.5	3	9
671	16659	1518264691	922	1518264693	41.24189818	-8.56227638	162.5	348.3	12.25	3	9
672	16659	1518264693	913	1518264695	41.24210497	-8.56235219	160.7	345.1	11.75	4	8
673	16659	1518264695	842	1518264697	41.24226859	-8.56240573	160.6	349.7	9.25	3	8
674	16659	1518264696	913	1518264698	41.24234941	-8.56239523	160.7	4.2	8.75	3	8
675	16659	1518264698	913	1518264700	41.24251968	-8.56228808	160.6	26.3	10.75	3	9
676	16659	1518264700	794	1518264702	41.24268378	-8.56211158	159.3	42	12.25	4	9
677	16659	1518264701	756	1518264703	41.24274596	-8.56197126	159.8	55.7	13.25	4	9
678	16659	1518264702	754	1518264704	41.24279582	-8.56181825	160.1	65.1	14	4	9
679	16659	1518264703	754	1518264705	41.24281886	-8.56161871	159.6	77.1	16	3	9
680	16659	1518264704	756	1518264706	41.24285346	-8.56140546	158.3	78	18	3	9
681	16659	1518264705	755	1518264707	41.24288372	-8.5611735	156.9	77.8	19.5	3	9
682	16659	1518264706	747	1518264708	41.24292247	-8.5609503	155.6	77.5	19.5	4	9
683	16659	1518264707	755	1518264709	41.2429595	-8.56072377	154.7	77.1	19.25	4	8
684	16659	1518264708	756	1518264710	41.24299787	-8.56050318	154.9	77.3	18.75	4	7
685	16659	1518264709	746	1518264711	41.24303044	-8.56030088	153.5	77.4	18	3	7
686	16659	1518264710	747	1518264712	41.24306184	-8.56010487	152.4	77.2	17	3	8
687	16659	1518264711	748	1518264713	41.24309036	-8.55992539	151.2	77.2	16	3	8
688	16659	1518264712	755	1518264714	41.24311479	-8.55975888	150.6	77.2	14.75	3	8
689	16659	1518264713	755	1518264715	41.24314546	-8.55960193	150.1	77.2	13.5	3	8
690	16659	1518264714	755	1518264716	41.24316947	-8.55945433	150	77.3	12.75	3	8
691	16659	1518264715	755	1518264717	41.24319379	-8.55931087	149.3	77.5	12.5	3	8
692	16659	1518264716	755	1518264718	41.24321955	-8.55915852	149.2	77.5	13.25	3	8
693	16659	1518264717	755	1518264719	41.24324549	-8.5590071	149.2	77.2	12.75	4	8
694	16659	1518264718	756	1518264720	41.24327101	-8.55887179	149.9	77.1	11.75	3	8
695	16659	1518264719	755	1518264721	41.24329528	-8.5587366	150.1	76.7	11.5	3	9
696	16659	1518264720	755	1518264722	41.24331743	-8.55860936	151.3	76.6	11.5	3	9
697	16659	1518264721	755	1518264723	41.24333937	-8.55848019	152	76.6	11.5	3	9
698	16659	1518264722	756	1518264724	41.24336714	-8.55834304	152.6	76.5	11.75	3	9
699	16659	1518264723	763	1518264725	41.24339206	-8.55820531	152.8	76.6	11.75	3	9
700	16659	1518264724	748	1518264726	41.24341485	-8.55806877	153.1	76.7	12	3	9
701	16659	1518264725	756	1518264727	41.24344233	-8.55792322	153.9	76.9	12.25	3	9
702	16659	1518264726	756	1518264728	41.24346813	-8.55778034	154.8	77.2	12.25	3	9
703	16659	1518264727	756	1518264729	41.24349095	-8.55763338	155.2	77.7	12.25	3	9
704	16659	1518264728	756	1518264730	41.24351165	-8.55749228	155.2	78.2	12.5	3	9
705	16659	1518264729	757	1518264731	41.24353513	-8.55734751	156	77.7	12.5	3	9
706	16659	1518264730	756	1518264732	41.24355968	-8.55720701	156.8	77.3	12.5	3	9
707	16659	1518264731	748	1518264733	41.24358103	-8.55705965	157.6	77.1	12.75	3	9
708	16659	1518264732	756	1518264734	41.24360703	-8.55690939	157.8	77	12.75	4	9
709	16659	1518264733	757	1518264735	41.24363231	-8.55675852	157.7	77.4	13	4	9
710	16659	1518264734	757	1518264736	41.24365829	-8.55660717	157.7	77.5	13	4	9
711	16659	1518264735	757	1518264737	41.24368433	-8.5564592	157.4	77.5	13	4	9
712	16659	1518264736	756	1518264738	41.24371009	-8.55631001	157.2	77.1	13	4	9
713	16659	1518264737	764	1518264739	41.24373831	-8.55615854	156.6	76.5	13	3	9
714	16659	1518264738	757	1518264740	41.24376868	-8.55600385	155.9	76.6	13	3	8
715	16659	1518264739	924	1518264741	41.24380213	-8.5558516	154.6	76.7	13	3	8
716	16659	1518264741	757	1518264743	41.24385622	-8.55554993	154.3	77	12.75	4	9
717	16659	1518264742	759	1518264744	41.24388104	-8.55540311	154.2	77.2	12.75	3	8
718	16659	1518264743	750	1518264745	41.24390594	-8.55526007	154	77	12.5	4	8
719	16659	1518264744	757	1518264746	41.24392921	-8.55512078	154	77.1	12	3	8
720	16659	1518264745	757	1518264747	41.24395016	-8.55499644	154.1	77.4	11	3	8
721	16659	1518264746	758	1518264748	41.24396291	-8.55487647	154.1	80.9	10.25	4	9
722	16659	1518264747	757	1518264749	41.24393474	-8.55477205	154.8	98.9	9.25	3	9
723	16659	1518264748	757	1518264750	41.24390999	-8.55467755	154.7	108.5	8.5	4	9
724	16659	1518264749	757	1518264751	41.24385062	-8.5545829	153.8	122.1	9.5	4	9
725	16659	1518264750	758	1518264752	41.24381413	-8.5544793	153	116.1	9.75	4	9
726	16659	1518264751	758	1518264753	41.2438117	-8.55436773	152.9	97.4	9	4	9
727	16659	1518264752	758	1518264754	41.24381071	-8.554266	153.1	93.9	8.75	5	9
728	16659	1518264753	758	1518264755	41.24383465	-8.55416932	152.8	80.6	8	5	9
729	16659	1518264754	757	1518264756	41.24389606	-8.55410791	152.7	54.9	7.25	5	9
730	16659	1518264755	758	1518264757	41.24404119	-8.55408667	154.1	12.6	9.75	3	9
731	16659	1518264756	751	1518264758	41.24412536	-8.55409237	153.9	0.3	9.25	4	9
732	16659	1518264757	757	1518264759	41.24421928	-8.55412573	153.8	348.7	9.75	5	9
733	16659	1518264758	759	1518264760	41.24429558	-8.55419196	153.7	337.4	9.5	5	9
734	16659	1518264759	758	1518264761	41.2443277	-8.55427076	153.6	325	8.25	5	9
735	16659	1518264760	759	1518264762	41.24436016	-8.55432241	154.2	319	6.25	5	9
736	16659	1518264761	759	1518264763	41.24429657	-8.55449509	153.9	264.3	7.5	5	9
737	16659	1518264762	759	1518264764	41.24417661	-8.55464535	152.9	228	10.5	3	9
738	16659	1518264763	752	1518264765	41.24409088	-8.55473074	152.4	219.1	10.75	3	9
739	16659	1518264764	759	1518264766	41.24401595	-8.55481916	152.6	223.2	11	3	9
740	16659	1518264765	759	1518264767	41.24396167	-8.55494783	152.4	237.6	11.75	3	9
741	16659	1518264766	759	1518264768	41.24393025	-8.55510197	152	251	13.25	3	9
742	16659	1518264767	758	1518264769	41.24390801	-8.55527235	151.5	257.9	14.5	4	9
743	16659	1518264768	759	1518264770	41.24387518	-8.55546153	151.6	257.3	15.75	4	9
744	16659	1518264769	760	1518264771	41.24383686	-8.55565593	152	256.7	16.25	4	9
745	16659	1518264770	760	1518264772	41.24380025	-8.55584924	152.2	256.5	16.75	4	9
746	16659	1518264771	759	1518264773	41.2437609	-8.5560542	152.3	256.3	17.5	4	9
747	16659	1518264772	751	1518264774	41.24371979	-8.55626544	152.4	256.1	18	4	9
748	16659	1518264773	759	1518264775	41.24367841	-8.55647418	152.6	256.8	17.75	4	9
749	16659	1518264774	760	1518264776	41.24363967	-8.55667901	152.9	257.2	17.75	4	9
750	16659	1518264775	760	1518264777	41.24360577	-8.55688111	152.8	257.2	17.5	4	9
751	16659	1518264776	759	1518264778	41.24357308	-8.55707988	152.7	257.2	17.25	4	7
752	16659	1518264777	762	1518264779	41.24354476	-8.5572849	153.3	257.5	17.25	4	8
753	16659	1518264778	759	1518264780	41.24351164	-8.55749209	152.5	257.1	17.75	3	8
754	16659	1518264779	752	1518264781	41.24347608	-8.55770587	152	257	18.25	3	8
755	16659	1518264780	754	1518264782	41.24344314	-8.55792102	151.9	257.1	18.5	4	9
756	16659	1518264781	762	1518264783	41.24340043	-8.55814197	150.3	256.9	19	3	9
757	16659	1518264782	760	1518264784	41.24336388	-8.55836714	149.3	257.1	19.5	4	9
758	16659	1518264783	760	1518264785	41.2433248	-8.55860197	148.1	257	19.75	3	9
759	16659	1518264784	761	1518264786	41.24328125	-8.55884611	147.2	257.1	20.25	3	9
760	16659	1518264785	752	1518264787	41.24324272	-8.55908548	146.9	257.6	20.5	4	9
761	16659	1518264786	752	1518264788	41.24319541	-8.55932977	147.3	257.1	20.75	4	9
762	16659	1518264787	760	1518264789	41.24315625	-8.55956674	147.3	257.2	20.5	4	9
763	16659	1518264788	754	1518264790	41.24311338	-8.55981355	148.1	256.9	20.5	4	9
764	16659	1518264789	753	1518264791	41.24307112	-8.56005803	149	256.7	20.25	4	9
765	16659	1518264790	753	1518264792	41.24302807	-8.56028828	149.4	256.6	20	4	9
766	16659	1518264791	760	1518264793	41.2429872	-8.56052522	149.7	256.5	20	4	9
767	16659	1518264792	761	1518264794	41.24294983	-8.56074946	149.9	257.2	19.75	4	9
768	16659	1518264793	761	1518264795	41.24290988	-8.56097234	150.3	256.5	19	4	9
769	16659	1518264794	754	1518264796	41.24286464	-8.56117464	150.2	256.6	18	4	9
770	16659	1518264795	753	1518264797	41.24283181	-8.56136653	151.2	256.6	17	4	9
771	16659	1518264796	761	1518264798	41.24280434	-8.56154738	152.6	256.6	15.75	4	9
772	16659	1518264797	769	1518264799	41.24277481	-8.56171019	152.3	256.4	14.5	4	9
773	16659	1518264798	762	1518264800	41.24275034	-8.56185502	153.4	257.1	13	3	9
774	16659	1518264799	761	1518264801	41.2427347	-8.56198484	153.2	257.1	11.5	3	9
775	16659	1518264800	761	1518264802	41.24272367	-8.56210515	153.5	259.6	10.25	4	9
776	16659	1518264801	764	1518264803	41.24274987	-8.56220349	154	280.3	9.25	3	9
777	16659	1518264802	754	1518264804	41.24278241	-8.56230608	153.7	290.8	9.25	4	9
778	16659	1518264803	762	1518264805	41.24282281	-8.56240195	153.5	293.9	9.25	5	9
779	16659	1518264804	761	1518264806	41.2428623	-8.56251059	153.3	292.1	10	4	9
780	16659	1518264805	761	1518264807	41.24285444	-8.56262804	153	272.5	9.75	4	9
781	16659	1518264806	763	1518264808	41.2428454	-8.56274202	153.1	264.4	9.5	4	9
782	16659	1518264807	857	1518264809	41.24279172	-8.56283102	151.9	240.3	8.25	4	9
783	16659	1518264808	953	1518264810	41.2427137	-8.56289966	152.7	218.3	8.75	4	8
784	16659	1518264810	923	1518264812	41.2425067	-8.562863	152.7	165.8	10.5	3	8
785	16659	1518264812	913	1518264814	41.24237467	-8.56268885	153.2	132.4	10.75	4	8
786	16659	1518264814	890	1518264816	41.24223596	-8.56248444	153.3	133.8	11.5	5	9
787	16659	1518264815	842	1518264817	41.24212868	-8.56242562	153.7	149.3	12.25	3	9
788	16659	1518264816	834	1518264818	41.2420052	-8.56238216	155.6	162.3	13.25	4	9
789	16659	1518264817	907	1518264819	41.24188051	-8.56233157	156.3	166.1	14	3	9
790	16659	1518264819	938	1518264821	41.24162107	-8.56226635	157	171.3	14.75	4	9
791	16659	1518264821	923	1518264823	41.24135391	-8.56223528	158.6	176.3	14.75	4	9
792	16659	1518264823	859	1518264825	41.24108546	-8.56222947	159.7	179.1	14.75	4	9
793	16659	1518264824	948	1518264826	41.24096143	-8.56222344	160.3	178.9	14.5	3	9
794	16659	1518264826	939	1518264828	41.24071989	-8.56221932	161.1	179	13.25	3	9
795	16659	1518264828	942	1518264830	41.24047261	-8.56222873	163.2	184.3	14	3	9
796	16659	1518264830	891	1518264832	41.24021593	-8.5623266	163.8	198.5	15.25	3	9
797	16659	1518264831	876	1518264833	41.24008901	-8.56241245	164.1	206.5	15.75	4	9
798	16659	1518264832	828	1518264834	41.23997567	-8.56252675	163.8	215.5	16	3	9
799	16659	1518264833	928	1518264835	41.23987322	-8.56266623	163.5	224.7	16.25	4	9
800	16659	1518264835	852	1518264837	41.23968135	-8.56298742	163.5	232.3	17.25	4	8
801	16659	1518264836	780	1518264838	41.23959149	-8.56316761	163.5	236.3	17.75	4	9
802	16659	1518264837	900	1518264839	41.23951129	-8.56335784	163.9	240.4	18.25	4	9
803	16659	1518264839	852	1518264841	41.23938798	-8.56377732	163.6	248.9	18.75	4	8
804	16659	1518264840	885	1518264842	41.23933722	-8.56399711	162.3	251.5	19.25	4	8
805	16659	1518264842	814	1518264844	41.23922482	-8.56441972	162.2	250.7	18.75	5	9
806	16659	1518264843	787	1518264845	41.23917804	-8.56461691	162.6	251.3	18.25	6	9
807	16659	1518264844	926	1518264846	41.23911752	-8.56481892	160.8	251.3	18	4	9
808	16659	1518264846	878	1518264848	41.23902273	-8.56516637	160.8	251.5	15.25	4	9
809	16659	1518264847	895	1518264849	41.23898799	-8.56532479	161	249.8	13	4	9
810	16659	1518264848	829	1518264850	41.23896257	-8.56545182	160.9	247.1	10.5	4	9
811	16659	1518264849	909	1518264851	41.23893762	-8.56552759	159.9	248.2	8	4	9
812	16659	1518264851	917	1518264853	41.23892023	-8.56559734	159	245.5	2.5	4	8
813	16659	1518264853	911	1518264855	41.23891667	-8.5655931	158.7	0	0	3	9
814	16659	1518264855	853	1518264857	41.23891882	-8.56558769	158.8	0	0	3	8
815	16659	1518264856	919	1518264858	41.23892128	-8.56558576	158.8	0	0	3	8
816	16659	1518264858	901	1518264860	41.23891687	-8.56558337	158.6	0	0	3	9
817	16659	1518264860	917	1518264862	41.23891799	-8.56558186	158.1	0	0	3	8
818	16659	1518264862	893	1518264864	41.23889155	-8.56558822	157.6	178.1	2.5	4	8
819	16659	1518264863	870	1518264865	41.23886646	-8.56556299	157	142.9	3	4	8
820	16659	1518264864	830	1518264866	41.23886601	-8.56553963	157.8	107.7	2.25	4	8
821	16659	1518264865	942	1518264867	41.23886168	-8.56552828	158.2	87.7	1	4	8
822	16659	1518264867	893	1518264869	41.23887384	-8.56548876	157.4	53.6	2.25	4	8
823	16659	1518264869	880	1518264871	41.23889472	-8.56540385	157.2	78.1	3.75	5	8
824	16659	1518264870	784	1518264872	41.23889873	-8.56533893	157.4	84	4.5	5	8
825	16659	1518264871	862	1518264873	41.23896636	-8.56519155	157.1	71.2	8.75	5	8
826	16659	1518264872	904	1518264874	41.23903229	-8.56505062	156.6	68.9	11	5	8
827	16659	1518264874	889	1518264876	41.23912845	-8.56474738	155.4	68.4	13.75	5	7
828	16659	1518264876	849	1518264878	41.23923513	-8.56434748	156.9	73.6	18	4	7
829	16659	1518264877	798	1518264879	41.2392811	-8.56414048	157	73.6	18	5	7
830	16659	1518264878	768	1518264880	41.23933758	-8.56389583	157	73.7	20	4	7
831	16659	1518264879	767	1518264881	41.23939071	-8.56365826	156.9	73.1	20.5	5	7
832	16659	1518264880	778	1518264882	41.2394528	-8.56343374	156.8	71.7	20	5	8
833	16659	1518264881	914	1518264883	41.23954643	-8.56320986	156.6	67.9	19.75	6	9
834	16659	1518264883	903	1518264885	41.23978828	-8.56279224	157.6	56.4	20.25	5	9
835	16659	1518264885	897	1518264887	41.24003159	-8.56247359	158.9	43.7	19.25	5	8
836	16659	1518264887	849	1518264889	41.24036373	-8.56225416	158.9	22.9	19	4	8
837	16659	1518264888	930	1518264890	41.24054766	-8.5622042	158.9	12.9	19.5	4	8
838	16659	1518264890	808	1518264892	41.24090859	-8.56218736	162	0.5	20.75	4	9
839	16659	1518264891	768	1518264893	41.24110214	-8.56219115	163.3	359.4	21.5	4	9
840	16659	1518264892	768	1518264894	41.24128978	-8.56220007	161.7	358.5	22	3	9
841	16659	1518264893	768	1518264895	41.24148837	-8.56220687	162.3	357.2	22	4	9
842	16659	1518264894	776	1518264896	41.24166638	-8.56223442	160.9	354.8	21.75	3	9
843	16659	1518264895	768	1518264897	41.24184928	-8.56227676	160.2	350.7	21.25	4	9
844	16659	1518264896	767	1518264898	41.24202133	-8.56233139	160.4	346.5	19	3	8
845	16659	1518264897	767	1518264899	41.24216051	-8.56237541	159.2	344.8	15.75	3	8
846	16659	1518264898	762	1518264900	41.24227767	-8.5623983	159.5	350.1	13.25	3	8
847	16659	1518264899	769	1518264901	41.24239967	-8.56238579	159.6	3.6	13.25	4	9
848	16659	1518264900	769	1518264902	41.24251206	-8.5623247	158.7	19.2	14	3	9
849	16659	1518264901	768	1518264903	41.24262188	-8.56222728	159.1	32	14.75	4	9
850	16659	1518264902	769	1518264904	41.24271354	-8.56208807	159.5	46.9	15.25	4	8
851	16659	1518264903	769	1518264905	41.24280021	-8.56191271	159.2	54.9	17.25	4	9
852	16659	1518264904	770	1518264906	41.24281774	-8.56167296	159.6	75.3	19	4	9
853	16659	1518264905	761	1518264907	41.24285572	-8.56143358	159.7	77.7	20.25	4	8
854	16659	1518264906	771	1518264908	41.24290455	-8.56118237	158.6	77.9	21.5	4	8
855	16659	1518264907	768	1518264909	41.24294797	-8.56091397	158.4	77.7	22.5	3	8
856	16659	1518264908	769	1518264910	41.24298687	-8.56063942	157.9	77.6	23.25	4	8
857	16659	1518264909	770	1518264911	41.24303112	-8.56035794	155.7	77.3	24	3	8
858	16659	1518264910	769	1518264912	41.24308182	-8.56008178	154.4	76.9	24	3	8
859	16659	1518264911	770	1518264913	41.2431248	-8.55979996	152.6	77.2	24.25	3	8
860	16659	1518264912	770	1518264914	41.24317461	-8.55951933	151.4	77.2	24.25	4	8
861	16659	1518264913	769	1518264915	41.24322661	-8.55923719	150	76.8	24.25	3	8
862	16659	1518264914	762	1518264916	41.24327302	-8.55895729	149.1	77	24.25	4	7
863	16659	1518264915	779	1518264917	41.24332187	-8.55868643	149.8	77	23.5	3	8
864	16659	1518264916	770	1518264918	41.2433735	-8.55841459	151.1	76.4	23.25	4	9
865	16659	1518264917	769	1518264919	41.24342246	-8.55814797	151.2	76.4	23	4	9
866	16659	1518264918	771	1518264920	41.24346479	-8.55789374	153.1	77.2	22.25	3	9
867	16659	1518264919	778	1518264921	41.24350567	-8.55763823	153.8	77.4	22	3	9
868	16659	1518264920	771	1518264922	41.24354905	-8.5573791	154.2	77.1	22.25	4	9
869	16659	1518264921	771	1518264923	41.24359284	-8.55712528	154.5	76.9	22	4	9
870	16659	1518264922	770	1518264924	41.24363537	-8.55686798	155.5	76.7	21.75	3	9
871	16659	1518264923	762	1518264925	41.24367482	-8.55662081	156.1	77.2	21.75	3	9
872	16659	1518264924	770	1518264926	41.24372114	-8.55636117	156.8	77.3	22	3	9
873	16659	1518264925	770	1518264927	41.2437615	-8.5561092	156.1	77.6	21.75	4	8
874	16659	1518264926	778	1518264928	41.24380074	-8.55586706	155.5	77.4	21.25	4	8
875	16659	1518264927	778	1518264929	41.24384396	-8.55562868	154.4	76.4	20.75	4	8
876	16659	1518264928	770	1518264930	41.24388416	-8.55540452	154.2	76	19.5	4	8
877	16659	1518264929	859	1518264931	41.24391584	-8.55520846	155.7	75.8	17.5	3	8
878	16659	1518264930	827	1518264932	41.24394709	-8.5550307	155.3	77	15.5	3	8
879	16659	1518264931	963	1518264933	41.24396638	-8.55487795	154.8	80.3	13.5	4	8
880	16659	1518264933	939	1518264935	41.2438792	-8.55463005	154.7	115.8	11.25	3	9
881	16659	1518264935	923	1518264937	41.24379098	-8.5544043	154.8	112.2	10.25	4	8
882	16659	1518264936	876	1518264938	41.24380239	-8.55427598	155.2	90	10.25	4	9
883	16659	1518264937	875	1518264939	41.2438195	-8.55416032	155.1	81.7	9.75	4	9
884	16659	1518264939	10	1518264940	41.2438488	-8.55405745	154.4	75.2	8.5	5	9
885	16659	1518264940	988	1518264942	41.2440074	-8.55403142	153.1	15.2	6.25	8	9
886	16659	1518264942	971	1518264944	41.24425523	-8.55421689	153.8	332.9	9.75	6	9
887	16659	1518264944	899	1518264946	41.24433157	-8.55448473	153.4	296.8	9	7	9
888	16659	1518264945	980	1518264947	41.2442471	-8.55465919	152.3	263	8.75	6	9
889	16659	1518264947	957	1518264949	41.24398861	-8.55495349	152.5	236.5	14.5	3	9
890	16659	1518264949	955	1518264951	41.24390875	-8.55538441	151.2	259	18.75	4	9
891	16659	1518264951	924	1518264953	41.243804	-8.55592349	153.4	257.2	22.75	3	9
892	16659	1518264952	877	1518264954	41.24375057	-8.55621638	154	257	24	3	9
893	16659	1518264953	861	1518264955	41.24370072	-8.55650397	154.8	257.2	25	3	9
894	16659	1518264954	980	1518264956	41.24365017	-8.55680731	154.8	257.4	26	4	9
895	16659	1518264956	957	1518264958	41.24354217	-8.5574126	153.3	257.3	26.25	3	8
896	16659	1518264958	950	1518264960	41.24344116	-8.55801466	151.2	257.1	26.25	3	8
897	16659	1518264960	893	1518264962	41.24333267	-8.5586396	148.4	257.1	26.75	4	8
898	16659	1518264961	893	1518264963	41.2432784	-8.55895274	146.3	257.4	26.75	3	8
899	16659	1518264962	837	1518264964	41.2432239	-8.55926385	146.2	256.9	26.5	4	9
900	16659	1518264963	974	1518264965	41.24316394	-8.55958139	146.6	256.9	26.5	4	9
901	16659	1518264965	790	1518264967	41.24305137	-8.56020376	148.7	257.2	26	4	9
902	16659	1518264966	821	1518264968	41.24300556	-8.56050337	149.5	257	26	4	9
903	16659	1518264967	861	1518264969	41.24295958	-8.56079201	150.1	256.9	25.75	4	9
904	16659	1518264968	950	1518264970	41.24290492	-8.56109446	151.6	257.1	25	3	9
905	16659	1518264970	952	1518264972	41.24280955	-8.56158641	153.9	256.6	20.25	4	9
906	16659	1518264972	941	1518264974	41.24274835	-8.5619407	155.5	257.4	14.25	3	9
907	16659	1518264974	901	1518264976	41.24276686	-8.56220192	154.8	280.4	11	4	9
908	16659	1518264975	930	1518264977	41.24280379	-8.56232488	154.2	288.5	11	4	9
909	16659	1518264976	838	1518264978	41.24285676	-8.56244783	154.2	296.1	11.5	4	9
910	16659	1518264977	974	1518264979	41.24288963	-8.56257345	154.1	288.7	11.5	4	9
911	16659	1518264979	966	1518264981	41.24284007	-8.56280905	154.7	250.6	9.5	4	9
912	16659	1518264981	936	1518264983	41.24260622	-8.56290673	155.5	194.8	10.75	4	9
913	16659	1518264982	854	1518264984	41.24251895	-8.56292996	155.5	193.1	10.5	5	8
914	16659	1518264983	870	1518264985	41.24242952	-8.56290847	155.4	184.2	10.5	5	8
915	16659	1518264984	920	1518264986	41.2423238	-8.5627828	156.2	159.3	11.75	5	8
916	16659	1518264986	935	1518264988	41.24213618	-8.56247179	156.4	147.8	14.75	3	8
917	16659	1518264988	936	1518264990	41.24182851	-8.56232208	157.9	166.9	18.25	3	8
918	16659	1518264990	911	1518264992	41.24147406	-8.56225525	159.9	174.6	20	4	8
919	16659	1518264991	850	1518264993	41.24128732	-8.56224064	161.8	177.1	20.5	3	8
920	16659	1518264992	847	1518264994	41.24110583	-8.56222973	164.1	177.9	20.5	4	8
921	16659	1518264993	930	1518264995	41.24092472	-8.56222104	163.8	178.5	19.75	3	8
922	16659	1518264995	951	1518264997	41.24058995	-8.56221265	163.5	180.7	18	3	9
923	16659	1518264997	928	1518264999	41.24028095	-8.56228532	163.5	194.6	17.75	3	9
924	16659	1518264999	872	1518265001	41.24000015	-8.56249796	163.3	213	18	3	9
925	16659	1518265000	912	1518265002	41.23988349	-8.56264931	163.6	222.1	18	3	9
926	16659	1518265002	920	1518265004	41.23967684	-8.56299499	162.7	233.1	18.5	3	9
927	16659	1518265004	921	1518265006	41.23950461	-8.56338027	162.4	239.9	18.5	4	8
928	16659	1518265006	896	1518265008	41.23939752	-8.5638057	161.8	250.7	18.75	4	8
929	16659	1518265007	931	1518265009	41.23934872	-8.56401772	162.1	251.8	18.75	5	8
930	16659	1518265009	856	1518265011	41.23925228	-8.56449278	161.7	255.7	20.5	5	8
931	16659	1518265010	785	1518265012	41.23917204	-8.56471547	161.2	252.2	20	5	8
932	16659	1518265011	908	1518265013	41.23911723	-8.56490465	161.4	250.6	19	4	8
933	16659	1518265012	882	1518265014	41.23906172	-8.56509433	161.4	250	18	4	8
934	16659	1518265013	849	1518265015	41.2390119	-8.56526897	161.5	249.7	16.25	4	8
935	16659	1518265014	937	1518265016	41.23896491	-8.56542537	162.2	247.9	13.75	4	8
936	16659	1518265015	857	1518265017	41.23892679	-8.56554023	162.2	247.4	10.75	3	8
937	16659	1518265016	865	1518265018	41.23890953	-8.56562289	163.4	248.2	7.75	4	8
938	16659	1518265017	817	1518265019	41.23889255	-8.56568276	163.1	243.4	5.75	4	8
939	16659	1518265018	979	1518265020	41.23888319	-8.56571028	163.7	234.2	3.5	4	8
940	16659	1518265020	961	1518265022	41.23885182	-8.56568795	163.7	163.1	2.75	4	8
941	16659	1518265022	912	1518265024	41.2388318	-8.56565771	162.4	105.5	1.25	4	8
942	16659	1518265023	858	1518265025	41.23883033	-8.5656558	161.8	105.5	0.5	4	8
943	16659	1518265024	842	1518265026	41.23883187	-8.56566674	161.2	105.5	0.5	4	8
944	16659	1518265025	930	1518265027	41.23884489	-8.56568258	161.2	307.3	1.25	4	8
945	16659	1518265027	969	1518265029	41.23885271	-8.56566562	161.5	83.1	1	5	8
946	16659	1518265029	938	1518265031	41.23892241	-8.56543094	161.2	68.8	8.25	4	8
947	16659	1518265031	867	1518265033	41.23901325	-8.56514803	161.5	67.8	12.75	5	8
948	16659	1518265032	930	1518265034	41.23908747	-8.56497054	161.3	67.8	14.5	5	8
949	16659	1518265034	930	1518265036	41.23921788	-8.56453362	162	71	18.5	4	8
950	16659	1518265036	802	1518265038	41.23931157	-8.56410951	161.6	72.9	18.75	5	8
951	16659	1518265037	778	1518265039	41.23935636	-8.56386795	161.5	74.4	19.75	5	8
952	16659	1518265038	779	1518265040	41.23941563	-8.56364073	162.3	71.9	20	4	8
953	16659	1518265039	819	1518265041	41.23948413	-8.56340491	162.1	70.9	20	5	8
954	16659	1518265040	834	1518265042	41.23956224	-8.56318559	161.7	68.1	19.5	5	8
955	16659	1518265041	907	1518265043	41.23968149	-8.56298236	161.6	61.5	19.75	5	8
956	16659	1518265043	930	1518265045	41.23987671	-8.56262027	161.8	52.7	19.25	4	6
957	16659	1518265045	931	1518265047	41.24014671	-8.56235465	161.8	36.2	18.5	4	7
958	16659	1518265047	876	1518265049	41.24050001	-8.56219818	164.4	14.2	19.5	4	7
959	16659	1518265048	907	1518265050	41.24067801	-8.56218084	166	5.7	20	4	8
960	16659	1518265050	973	1518265052	41.24105871	-8.56219814	167.2	359.2	21.25	4	9
961	16659	1518265052	953	1518265054	41.24144611	-8.56221211	164.7	357.9	21.25	4	8
962	16659	1518265054	908	1518265056	41.2418165	-8.56226815	164.5	351.5	19.75	3	8
963	16659	1518265055	892	1518265057	41.24196362	-8.56231602	163.3	347.2	18	3	8
964	16659	1518265056	843	1518265058	41.24208983	-8.56237178	161.7	343.9	15.5	3	8
965	16659	1518265057	940	1518265059	41.24219836	-8.56241477	160.7	345.3	13	3	9
966	16659	1518265059	942	1518265061	41.24243055	-8.56237033	160.8	13.5	13.25	3	9
967	16659	1518265061	910	1518265063	41.2426453	-8.56217377	160.1	37.8	14.5	4	7
968	16659	1518265063	894	1518265065	41.24283106	-8.56184681	159.8	55.6	17.75	5	8
969	16659	1518265064	916	1518265066	41.24281308	-8.56160867	159.2	77.4	19	4	8
970	16659	1518265066	908	1518265068	41.24290212	-8.56110026	156.9	77.6	22	4	7
971	16659	1518265068	909	1518265070	41.2429858	-8.56056934	155.7	77.2	23	4	7
972	16659	1518265070	892	1518265072	41.24307407	-8.56002036	154.7	77.3	23.75	4	5
973	16659	1518265071	829	1518265073	41.24312353	-8.5597322	152.8	77.2	24.5	3	6
974	16659	1518265072	837	1518265074	41.2431717	-8.55944784	151.4	77.3	24.75	4	6
975	16659	1518265073	910	1518265075	41.24322124	-8.55916164	149.9	77.2	24.75	3	6
976	16659	1518265075	901	1518265077	41.24331766	-8.558597	149.6	76.6	24.25	4	7
977	16659	1518265077	920	1518265079	41.2434139	-8.55804418	149.4	76.5	23.75	4	8
978	16659	1518265078	822	1518265080	41.24346199	-8.55776905	149.6	76.6	23.75	4	8
979	16659	1518265079	869	1518265081	41.24350588	-8.55750207	151.8	77	23.25	4	8
980	16659	1518265080	927	1518265082	41.2435549	-8.55723047	152.1	76.8	23.25	4	8
981	16659	1518265082	934	1518265084	41.24364955	-8.55671164	153.4	77.1	22	3	8
982	16659	1518265084	926	1518265086	41.24374296	-8.55620406	153.1	77.2	22.5	3	8
983	16659	1518265086	934	1518265088	41.24383263	-8.55568534	151	76.7	22.25	4	8
984	16659	1518265088	887	1518265090	41.2439244	-8.55523074	151.4	76.1	19	4	8
985	16659	1518265089	919	1518265091	41.24396028	-8.555042	151.9	76.2	16.5	4	8
986	16659	1518265091	966	1518265093	41.24394571	-8.55471144	152.8	98.6	13.75	4	9
987	16659	1518265093	975	1518265095	41.2438085	-8.55442664	153.1	123.8	14.75	3	9
988	16659	1518265095	934	1518265097	41.24359623	-8.5542051	154	146.9	15.25	4	9
989	16659	1518265096	874	1518265098	41.24345632	-8.55415941	152.7	160.9	15.75	4	9
990	16659	1518265097	879	1518265099	41.24329979	-8.55410863	153	167	17	4	9
991	16659	1518265098	928	1518265100	41.24315601	-8.55407593	153.3	168.1	16.5	3	9
992	16659	1518265100	951	1518265102	41.24291733	-8.55401475	153.9	169.2	11.75	3	9
993	16659	1518265102	959	1518265104	41.24277021	-8.55394677	154.2	152	8.25	4	9
994	16659	1518265104	807	1518265106	41.24273542	-8.55376542	155.5	98.5	8.75	4	9
995	16659	1518265105	791	1518265107	41.24272884	-8.553648	156.2	94.5	9.5	4	9
996	16659	1518265106	840	1518265108	41.24272299	-8.55351513	156.6	93.3	10.75	4	9
997	16659	1518265107	979	1518265109	41.24271778	-8.55336489	156.6	92.9	12.25	4	9
998	16659	1518265109	943	1518265111	41.24269221	-8.55302614	156.7	94.9	14.25	4	9
999	16659	1518265111	928	1518265113	41.24265478	-8.55271701	159.2	100.9	12.75	4	9
1000	16659	1518265112	864	1518265114	41.24263831	-8.55258882	159.7	102.8	11.5	3	9
1001	16659	1518265113	832	1518265115	41.24261816	-8.5524684	160	100.5	10.25	4	9
1002	16659	1518265114	784	1518265116	41.2426021	-8.55238411	159.8	104.1	8.5	4	9
1003	16659	1518265115	776	1518265117	41.24258507	-8.55233422	161	105.9	6	4	8
1004	16659	1518265116	784	1518265118	41.24257917	-8.55230353	161.5	114.4	3.5	3	8
1005	16659	1518265117	784	1518265119	41.24258195	-8.55229429	161.3	113.1	1.25	4	8
1006	16659	1518265118	785	1518265120	41.24258237	-8.55228385	161.6	107.8	0.75	4	8
1007	16659	1518265119	784	1518265121	41.24257815	-8.5522585	162.7	115.5	2	4	8
1008	16659	1518265120	784	1518265122	41.2425693	-8.5522301	162.6	109.7	2.5	4	8
1009	16659	1518265121	785	1518265123	41.24255857	-8.55221681	163.6	119.2	2	4	8
1010	16659	1518265122	785	1518265124	41.24255449	-8.55220596	163.8	108.3	1.25	4	8
1011	16659	1518265123	785	1518265125	41.24254189	-8.55217643	165.1	118.7	2.75	4	8
1012	16659	1518265124	785	1518265126	41.242527	-8.55212631	165.2	122	4	3	8
1013	16659	1518265125	784	1518265127	41.24249501	-8.55207171	164.8	123.6	5.5	4	8
1014	16659	1518265126	786	1518265128	41.24245459	-8.55201553	165.1	124.8	6.5	4	8
1015	16659	1518265127	784	1518265129	41.24241963	-8.55195023	165.1	126.3	6.75	4	8
1016	16659	1518265128	785	1518265130	41.24238057	-8.55188924	166	128.8	7.25	4	8
1017	16659	1518265129	785	1518265131	41.24233208	-8.55179938	165.4	128.1	8.25	4	8
1018	16659	1518265130	784	1518265132	41.24227654	-8.55170735	166.9	126.2	9.5	4	8
1019	16659	1518265131	777	1518265133	41.2422303	-8.55159581	168.5	121.4	10.75	4	8
1020	16659	1518265132	785	1518265134	41.24218588	-8.55146312	169	115.1	11.75	4	8
1021	16659	1518265133	786	1518265135	41.24214954	-8.55131365	171.7	109.8	13.25	4	8
1022	16659	1518265134	786	1518265136	41.24210759	-8.55113662	173.8	108.6	15.25	4	8
1023	16659	1518265135	785	1518265137	41.24206242	-8.55095943	174.6	106.6	15.5	4	8
1024	16659	1518265136	785	1518265138	41.24203493	-8.55078807	174.7	104	15	4	8
1025	16659	1518265137	785	1518265139	41.24201555	-8.55059588	175.8	98.6	16	4	8
1026	16659	1518265138	785	1518265140	41.24200065	-8.55040098	175.8	97.2	16	4	8
1027	16659	1518265139	786	1518265141	41.24199113	-8.55019426	175.8	96.4	16.5	4	8
1028	16659	1518265140	770	1518265142	41.24195105	-8.54999946	177.9	104.2	16.75	4	8
1029	16659	1518265141	793	1518265143	41.24191311	-8.54980006	178.8	104.8	17.25	4	8
1030	16659	1518265142	786	1518265144	41.24187823	-8.54959008	179.7	103.6	18	4	8
1031	16659	1518265143	786	1518265145	41.2418433	-8.5493675	180	102	19	3	9
1032	16659	1518265144	786	1518265146	41.24181207	-8.54915603	179.9	101.5	18.5	3	9
1033	16659	1518265145	786	1518265147	41.24178211	-8.5489449	179.9	100.5	18	4	9
1034	16659	1518265146	786	1518265148	41.24174389	-8.54875189	180.2	101.7	16.75	4	9
1035	16659	1518265147	785	1518265149	41.24171051	-8.54858075	180.4	102.7	15.25	4	9
1036	16659	1518265148	786	1518265150	41.24167292	-8.54842465	181	104.8	13.75	4	9
1037	16659	1518265149	786	1518265151	41.24163196	-8.54828329	181.8	107.1	12.75	4	9
1038	16659	1518265150	787	1518265152	41.24160884	-8.54817008	181.5	107.2	10.5	4	9
1039	16659	1518265151	802	1518265153	41.24158137	-8.54808211	181.5	108.9	8.75	4	9
1040	16659	1518265152	868	1518265154	41.24156909	-8.5480378	182.3	105.1	5.75	4	9
1041	16659	1518265153	957	1518265155	41.24155627	-8.54801553	183.8	111.9	3	3	9
1042	16659	1518265155	954	1518265157	41.2415316	-8.54796245	182.2	146.4	3.5	3	9
1043	16659	1518265157	948	1518265159	41.24143845	-8.54793559	184	171.9	5.5	3	9
1044	16659	1518265159	883	1518265161	41.24130272	-8.54794227	184.9	182.2	8	3	9
1045	16659	1518265160	979	1518265162	41.2412125	-8.54796342	185.5	187.6	9.5	4	9
1046	16659	1518265162	949	1518265164	41.24100141	-8.54802309	188	193.6	12.75	3	9
1047	16659	1518265164	955	1518265166	41.24074846	-8.54808264	188.3	188.6	14.5	3	9
1048	16659	1518265166	916	1518265168	41.2404588	-8.54807636	188.2	178.1	16.25	5	9
1049	16659	1518265167	884	1518265169	41.24028282	-8.54801591	188.3	168.9	19	4	9
1050	16659	1518265168	844	1518265170	41.24009518	-8.5479675	187.5	169.2	20.75	4	9
1051	16659	1518265169	972	1518265171	41.23988972	-8.54790918	188	169.1	22.75	4	8
1052	16659	1518265171	804	1518265173	41.23947764	-8.54781987	188.4	170.1	23.75	4	8
1053	16659	1518265172	796	1518265174	41.2392578	-8.54776748	188.5	169.8	24.5	3	8
1054	16659	1518265173	949	1518265175	41.23903728	-8.54772197	189	170.1	25	4	9
1055	16659	1518265175	884	1518265177	41.23856415	-8.5476298	186.6	171.3	26.5	4	8
1056	16659	1518265176	940	1518265178	41.23832844	-8.5475757	186.7	170.7	26.25	4	9
1057	16659	1518265178	910	1518265180	41.23788428	-8.54746713	188.1	170.1	25	3	9
1058	16659	1518265180	932	1518265182	41.23749056	-8.54738659	187.9	170.8	21.25	3	9
1059	16659	1518265182	789	1518265184	41.23717227	-8.54730446	186.2	168.8	17.5	3	9
1060	16659	1518265183	789	1518265185	41.23704089	-8.54724312	185.4	162	15.75	4	9
1061	16659	1518265184	789	1518265186	41.23691947	-8.54717219	185	157	15	5	9
1062	16659	1518265185	789	1518265187	41.23681872	-8.5470523	184.7	145.4	14.75	5	8
1063	16659	1518265186	781	1518265188	41.23676258	-8.54692493	184.9	131.4	13.5	4	8
1064	16659	1518265187	791	1518265189	41.23667157	-8.54676646	184.6	129	14.75	5	8
1065	16659	1518265188	789	1518265190	41.2365932	-8.54660411	185.3	126.9	15.75	5	9
1066	16659	1518265189	788	1518265191	41.23651819	-8.54640697	185.6	123.7	17.25	6	9
1067	16659	1518265190	790	1518265192	41.23653428	-8.54599322	182.8	106.6	22	5	9
1068	16659	1518265191	791	1518265193	41.23648276	-8.54573094	183	105.7	22.75	5	9
1069	16659	1518265192	789	1518265194	41.23642454	-8.54546267	182.8	106.1	22.75	4	9
1070	16659	1518265193	797	1518265195	41.23635697	-8.54521736	183.1	105.9	22	5	9
1071	16659	1518265194	789	1518265196	41.23631072	-8.54499307	182.7	106.8	20	4	9
1072	16659	1518265195	790	1518265197	41.23627957	-8.54482681	182.4	105.2	16.5	4	9
1073	16659	1518265196	790	1518265198	41.23623409	-8.54469057	182.1	107.4	13.25	4	9
1074	16659	1518265197	791	1518265199	41.23620387	-8.54454774	183	107.6	12	4	9
1075	16659	1518265198	790	1518265200	41.23617693	-8.54448871	184.3	113.9	7	3	9
1076	16659	1518265199	790	1518265201	41.23616957	-8.5444416	183.2	115.7	3.75	4	9
1077	16659	1518265200	791	1518265202	41.2361672	-8.54441731	182.9	106.8	1.5	3	9
1078	16659	1518265201	792	1518265203	41.23616727	-8.54441177	183	106.8	0.75	4	9
1079	16659	1518265202	790	1518265204	41.23616578	-8.54439961	183	86.8	1	3	9
1080	16659	1518265203	790	1518265205	41.23616762	-8.54437556	183.2	86.6	2	4	9
1081	16659	1518265204	791	1518265206	41.23618996	-8.54430873	182.6	65.7	3.75	4	9
1082	16659	1518265205	791	1518265207	41.23625435	-8.54424471	181.1	35.9	6	3	9
1083	16659	1518265206	782	1518265208	41.23632386	-8.54419359	180.5	27.3	7.5	4	9
1084	16659	1518265207	790	1518265209	41.23640801	-8.54413748	180.2	25	9.5	3	9
1085	16659	1518265208	791	1518265210	41.23650175	-8.5440737	180.6	24.9	11.5	4	9
1086	16659	1518265209	791	1518265211	41.23660232	-8.54399922	180.6	25.1	12.25	4	9
1087	16659	1518265210	791	1518265212	41.23671117	-8.54392726	181.3	25.2	12.75	4	9
1088	16659	1518265211	799	1518265213	41.23682785	-8.54385349	181.3	25.1	13.75	4	9
1089	16659	1518265212	791	1518265214	41.23695232	-8.54377791	181.7	25.4	14.75	4	9
1090	16659	1518265213	792	1518265215	41.23707919	-8.54369852	181.5	25.4	15.75	3	9
1091	16659	1518265214	791	1518265216	41.2372197	-8.54361361	182	25.2	16.5	3	9
1092	16659	1518265215	783	1518265217	41.2373629	-8.54352276	181.3	25.3	17	3	9
1093	16659	1518265216	792	1518265218	41.23750796	-8.54343295	182.4	25.2	17.75	3	9
1094	16659	1518265217	799	1518265219	41.23765215	-8.54334144	183.1	25.4	18	4	9
1095	16659	1518265218	809	1518265220	41.23779781	-8.54324519	183.5	25.4	18.5	3	9
1096	16659	1518265219	866	1518265221	41.23795055	-8.54315236	183.9	24.9	18.75	4	8
1097	16659	1518265220	848	1518265222	41.23810473	-8.54306263	184.6	24.7	18.5	3	9
1098	16659	1518265221	943	1518265223	41.23824797	-8.54297696	184.3	25.1	17.5	3	9
1099	16659	1518265223	975	1518265225	41.23849292	-8.54281824	185.8	26	14.25	4	9
1100	16659	1518265225	952	1518265227	41.23864793	-8.54272421	186.2	26.7	8.75	4	9
1101	16659	1518265227	881	1518265229	41.23870679	-8.54266225	185.8	49.2	4	4	8
1102	16659	1518265228	920	1518265230	41.23872632	-8.54260843	186	60	4.75	4	8
1103	16659	1518265229	824	1518265231	41.23872609	-8.54255035	185.4	79.4	5	4	9
1104	16659	1518265230	942	1518265232	41.23868593	-8.54247666	185.2	105.8	6.5	3	9
1105	16659	1518265232	960	1518265234	41.23864764	-8.54227907	186.1	103.4	8.25	4	9
1106	16659	1518265234	921	1518265236	41.23859774	-8.54208903	187.2	106.5	8.5	3	8
1107	16659	1518265235	881	1518265237	41.23858613	-8.54199229	187.7	103.9	8	4	8
1108	16659	1518265236	857	1518265238	41.23859291	-8.54191373	187.9	84.7	6.75	5	8
1109	16659	1518265237	939	1518265239	41.23864408	-8.54186107	188	56.2	6.5	4	8
1110	16659	1518265239	888	1518265241	41.23880301	-8.54176083	188.9	25.3	9	4	8
1111	16659	1518265240	808	1518265242	41.23889367	-8.54171344	189.5	26.3	9.5	4	7
1112	16659	1518265241	897	1518265243	41.23896677	-8.54166584	189.2	26.5	9.5	3	7
1113	16659	1518265242	820	1518265244	41.23904107	-8.54161146	189.9	26.4	8.75	4	7
1114	16659	1518265243	881	1518265245	41.23910717	-8.5415746	189.8	26.2	7.5	4	7
1115	16659	1518265244	882	1518265246	41.23915339	-8.54154452	191	23.2	6	4	7
1116	16659	1518265245	817	1518265247	41.23919405	-8.54153888	191.3	9.5	4.5	3	7
1117	16659	1518265246	922	1518265248	41.23921883	-8.54154237	191.4	1.5	3	3	7
1118	16659	1518265248	930	1518265250	41.23924156	-8.54155035	191.8	340.5	1	4	8
1119	16659	1518265250	914	1518265252	41.23920784	-8.54154771	192.3	185.9	1.75	4	9
1120	16659	1518265251	842	1518265253	41.23919364	-8.54154506	191.7	178.6	1.5	3	9
1121	16659	1518265252	858	1518265254	41.23918334	-8.54154373	191.5	178.9	1.25	4	9
1122	16659	1518265253	923	1518265255	41.23917661	-8.54153856	191.9	178.9	0.5	4	8
1123	16659	1518265255	938	1518265257	41.23917137	-8.54153213	192.1	178.9	0.25	4	9
1124	16659	1518265257	793	1518265259	41.23918971	-8.54153636	192.3	354.9	1	4	9
1125	16659	1518265258	819	1518265260	41.23921176	-8.54152833	192.1	15.5	1.75	4	9
1126	16659	1518265259	901	1518265261	41.23926346	-8.54149064	191.7	27.8	5	4	8
1127	16659	1518265260	955	1518265262	41.23935473	-8.54140697	192.6	34.2	7.25	4	8
1128	16659	1518265262	939	1518265264	41.23943023	-8.54133603	191.4	42	4.75	3	8
1129	16659	1518265264	935	1518265266	41.2394723	-8.54136262	193.5	316	2.75	4	8
1130	16659	1518265266	795	1518265268	41.23948035	-8.54139135	193.5	301.9	0.75	4	8
1131	16659	1518265267	811	1518265269	41.2394784	-8.5413853	193.3	0	0	4	8
1132	16659	1518265268	795	1518265270	41.23946119	-8.54136061	193.7	132.1	1.5	4	8
1133	16659	1518265269	795	1518265271	41.23945588	-8.5413458	193.4	122.1	1.25	4	8
1134	16659	1518265270	788	1518265272	41.23946454	-8.54134198	194.5	122.1	0.75	4	8
1135	16659	1518265271	795	1518265273	41.23946457	-8.54135337	194.2	122.1	0.5	4	8
1136	16659	1518265272	796	1518265274	41.23945486	-8.54137001	193.7	223.9	1.25	4	8
1137	16659	1518265273	795	1518265275	41.23944393	-8.54138048	193.6	206.3	1.25	3	8
1138	16659	1518265274	795	1518265276	41.23942922	-8.5413917	193.7	210.1	1.5	3	8
1139	16659	1518265275	812	1518265277	41.23940419	-8.54140543	193.1	202.8	2.25	3	8
1140	16659	1518265276	795	1518265278	41.23932	-8.54146786	192.3	207.9	6.5	4	8
1141	16659	1518265277	796	1518265279	41.23926014	-8.54150848	191.3	207.9	7	3	7
1142	16659	1518265278	795	1518265280	41.23920366	-8.54154636	191.8	206.9	7	4	7
1143	16659	1518265279	798	1518265281	41.23914669	-8.5415798	191.5	205.9	6.75	4	7
1144	16659	1518265280	796	1518265282	41.23909453	-8.54161665	190.8	205.7	6.5	4	7
1145	16659	1518265281	796	1518265283	41.23906631	-8.5416344	190.6	204.5	4.75	4	7
1146	16659	1518265282	797	1518265284	41.23905563	-8.54164315	190.5	203.8	2.25	3	7
1147	16659	1518265283	796	1518265285	41.23905749	-8.54164969	190.5	203.8	0.25	3	7
1148	16659	1518265284	796	1518265286	41.23905512	-8.54165062	190.2	203.8	0.25	4	7
1149	16659	1518265285	796	1518265287	41.23905874	-8.54164043	189.8	203.8	0.5	4	7
1150	16659	1518265286	788	1518265288	41.23906929	-8.54162523	190.1	41.9	1.5	4	7
1151	16659	1518265287	796	1518265289	41.23907585	-8.54161997	190.3	21.2	1.25	4	8
1152	16659	1518265288	797	1518265290	41.2390789	-8.54162042	190.7	356.2	1	4	8
1153	16659	1518265289	798	1518265291	41.23908295	-8.54162138	190.9	356.2	0.75	4	8
1154	16659	1518265290	797	1518265292	41.23908499	-8.5416207	190.5	356.2	0.25	4	8
1155	16659	1518265291	797	1518265293	41.23908402	-8.54162084	191	0	0	3	8
1156	16659	1518265292	798	1518265294	41.23908537	-8.54162182	191	356.2	0.25	4	8
1157	16659	1518265293	797	1518265295	41.23908456	-8.54162208	190.9	0	0	3	8
1158	16659	1518265294	796	1518265296	41.23908399	-8.54162248	190.8	0	0	3	8
1159	16659	1518265295	797	1518265297	41.2390831	-8.54162335	190.8	0	0	4	8
1160	16659	1518265296	797	1518265298	41.23908265	-8.54162486	190.9	0	0	4	8
1161	16659	1518265297	806	1518265299	41.23908177	-8.54162418	190.8	0	0	3	8
1162	16659	1518265298	798	1518265300	41.23908144	-8.54162389	190.9	0	0	3	8
1163	16659	1518265299	798	1518265301	41.23908144	-8.54162354	190.9	0	0	3	8
1164	16659	1518265300	797	1518265302	41.23908238	-8.54162438	191.2	0	0	3	8
1165	16659	1518265301	798	1518265303	41.23908238	-8.54162488	191.3	0	0	3	8
1166	16659	1518265302	789	1518265304	41.23908128	-8.54162543	191.2	0	0	4	8
1167	16659	1518265303	806	1518265305	41.23908136	-8.54162813	192	356.2	0.25	4	8
1168	16659	1518265304	806	1518265306	41.23908883	-8.5416378	192.8	0	0	3	8
1169	16659	1518265305	902	1518265307	41.23909332	-8.54164394	192.8	0	0	3	8
1170	16659	1518265306	814	1518265308	41.2390943	-8.54164611	192.8	0	0	4	8
1171	16659	1518265307	814	1518265309	41.23909625	-8.54164785	193.3	0	0	4	8
1172	16659	1518265308	800	1518265310	41.23909772	-8.54164828	193.6	0	0	4	8
1173	16659	1518265309	798	1518265311	41.23909997	-8.54164732	194.1	0	0	4	8
1174	16659	1518265310	799	1518265312	41.23910222	-8.5416458	194.7	0	0	4	8
1175	16659	1518265311	790	1518265313	41.2391047	-8.54164475	194.7	356.2	0.25	4	8
1176	16659	1518265312	798	1518265314	41.23910756	-8.54164419	194.5	356.2	0.25	4	8
1177	16659	1518265313	801	1518265315	41.23911106	-8.54164503	194.1	0	0	3	8
1178	16659	1518265314	798	1518265316	41.23911249	-8.5416442	193.8	0	0	3	8
1179	16659	1518265315	799	1518265317	41.23911309	-8.54164357	193.3	0	0	3	8
1180	16659	1518265316	799	1518265318	41.23911372	-8.54164316	193.3	0	0	4	8
1181	16659	1518265317	798	1518265319	41.23911188	-8.54164267	192.8	0	0	4	8
1182	16659	1518265318	791	1518265320	41.23910914	-8.5416398	192.1	0	0	3	8
1183	16659	1518265319	800	1518265321	41.23910553	-8.54163546	192.4	0	0	3	8
1184	16659	1518265320	800	1518265322	41.23910317	-8.54163101	192.4	0	0	3	8
1185	16659	1518265321	799	1518265323	41.23910157	-8.54162627	193	0	0	3	8
1186	16659	1518265322	799	1518265324	41.23910007	-8.54162175	194	0	0	3	8
1187	16659	1518265323	800	1518265325	41.23909922	-8.54161821	194.5	0	0	3	8
1188	16659	1518265324	799	1518265326	41.2390988	-8.54161608	195.1	0	0	3	8
1189	16659	1518265325	799	1518265327	41.23909861	-8.54161341	195.3	0	0	3	8
1190	16659	1518265326	799	1518265328	41.23909753	-8.54161007	195.7	0	0	3	8
1191	16659	1518265327	800	1518265329	41.23909676	-8.54160698	196.1	0	0	3	8
1192	16659	1518265328	800	1518265330	41.23909646	-8.54160515	196.2	0	0	3	8
1193	16659	1518265329	799	1518265331	41.23909615	-8.5416038	196.2	0	0	3	8
1194	16659	1518265330	800	1518265332	41.23909595	-8.54160305	196.3	0	0	3	8
1195	16659	1518265331	800	1518265333	41.23909585	-8.54160264	196.3	0	0	3	8
1196	16659	1518265332	800	1518265334	41.23909579	-8.54160242	196.3	0	0	3	8
1197	16659	1518265333	802	1518265335	41.23909576	-8.5416023	196.3	0	0	3	8
1198	16659	1518265334	807	1518265336	41.23909574	-8.54160222	196.3	0	0	3	8
1199	16659	1518265335	800	1518265337	41.23909573	-8.54160218	196.3	0	0	3	8
1200	16659	1518265336	801	1518265338	41.2390957	-8.54160213	196.3	0	0	3	8
1201	16659	1518265337	799	1518265339	41.23909568	-8.5416021	196.3	0	0	3	8
1202	16659	1518265338	800	1518265340	41.23909567	-8.54160208	196.3	0	0	3	8
1203	16659	1518265339	800	1518265341	41.23909569	-8.54160201	196.3	0	0	3	8
1204	16659	1518265340	800	1518265342	41.23909569	-8.54160196	196.3	0	0	3	8
1205	16659	1518265341	832	1518265343	41.2390957	-8.54160193	196.3	0	0	3	8
1206	16659	1518265342	952	1518265344	41.23909569	-8.5416019	196.4	0	0	3	8
1207	16659	1518265344	944	1518265346	41.23909568	-8.54160187	196.4	0	0	3	8
1208	16659	1518265346	905	1518265348	41.23909568	-8.54160183	196.4	0	0	3	8
1209	16659	1518265347	874	1518265349	41.23909566	-8.5416018	196.4	0	0	9	8
1210	16659	1518265348	856	1518265350	41.23909567	-8.54160178	196.4	0	0	9	8
1211	16659	1518265350	800	1518265352	41.23909567	-8.54160173	196.4	0	0	9	8
1212	16659	1518265351	912	1518265353	41.23909568	-8.54160171	196.4	0	0	9	8
1213	16659	1518265352	817	1518265354	41.23909569	-8.5416017	196.4	0	0	9	8
1214	16659	1518265353	817	1518265355	41.23909569	-8.54160168	196.4	0	0	9	8
1215	16659	1518265354	809	1518265356	41.23909569	-8.54160167	196.4	0	0	9	8
1216	16659	1518265355	881	1518265357	41.23909571	-8.54160165	196.4	0	0	9	8
1217	16659	1518265356	913	1518265358	41.23909572	-8.54160163	196.4	0	0	9	8
1218	16659	1518265357	834	1518265359	41.23909574	-8.5416016	196.4	0	0	9	8
1219	16659	1518265358	922	1518265360	41.23909575	-8.54160157	196.4	0	0	9	7
