n	Session	location.seconds.Unix	location.millis	location.gpstime	location.lat	location.lon	location.alt	location.track	location.speed.M-S	location.acc	location.nsats
1	13697	1457867149	619	1457867151	41.23893503	-8.54234544	184.2	275.4	13.2594	32	7
2	13697	1457867151	124	1457867152	41.23885409	-8.542554	181	272	12.7598	19	7
3	13697	1457867153	139	1457867154	41.23879563	-8.54274732	178.5	264.2	9.76281	18	8
4	13697	1457867154	648	1457867156	41.23881212	-8.54262174	181	261.2	1.11803	11	8
5	13697	1457867156	157	1457867157	41.23880961	-8.54262723	182.8	264.9	1.58114	11	8
6	13697	1457867158	126	1457867159	41.23873637	-8.54275938	181.7	252.3	3.28824	7	8
7	13697	1457867160	152	1457867161	41.23860495	-8.54281516	180.1	202.7	7.26722	4	8
8	13697	1457867162	133	1457867163	41.23845402	-8.54289627	182.8	197.6	9.01388	5	8
9	13697	1457867163	718	1457867165	41.23824588	-8.54302667	182.5	203.8	12.0104	5	8
10	13697	1457867165	164	1457867166	41.23812966	-8.54309658	182.5	204.1	13.5093	5	8
11	13697	1457867167	118	1457867168	41.23783959	-8.5432604	179.8	204.6	16.0078	4	8
12	13697	1457867168	610	1457867170	41.23754815	-8.54344184	178.7	204.5	18.2568	4	8
13	13697	1457867169	600	1457867171	41.23738839	-8.54354213	176	205.1	19.0066	3	8
14	13697	1457867170	614	1457867172	41.23721804	-8.54365296	174.9	204.7	19.7563	3	8
15	13697	1457867171	583	1457867173	41.23705562	-8.54375677	174.1	205.2	19.7563	3	8
16	13697	1457867172	614	1457867174	41.23689389	-8.54385763	174.3	205.4	19.7563	5	8
17	13697	1457867173	781	1457867175	41.23673995	-8.54395677	173.9	205.7	19.2565	4	9
18	13697	1457867176	152	1457867177	41.23642122	-8.54415684	172.3	206.3	19.0066	4	9
19	13697	1457867177	664	1457867179	41.23611464	-8.54434543	170.4	203.2	18.0069	4	9
20	13697	1457867179	175	1457867180	41.23597493	-8.54441327	169.9	199.8	17.2572	3	9
21	13697	1457867181	126	1457867182	41.23568632	-8.54450775	168.4	190.6	15.5081	3	8
22	13697	1457867183	148	1457867184	41.23543515	-8.54451071	167.4	179.6	13.2594	3	8
23	13697	1457867184	708	1457867186	41.23522617	-8.54449348	166.1	177.9	12.2602	3	8
24	13697	1457867185	606	1457867187	41.23511536	-8.54448835	166.2	178.2	12.0104	3	8
25	13697	1457867186	605	1457867188	41.23500714	-8.54447543	165.8	178.2	12.0104	3	8
26	13697	1457867188	129	1457867189	41.23490314	-8.54446288	165.9	177.3	11.7606	3	8
27	13697	1457867190	134	1457867191	41.23468951	-8.54445373	165.8	178.5	11.7606	5	8
28	13697	1457867192	151	1457867193	41.23448446	-8.54446596	165.5	182.9	11.5109	5	8
29	13697	1457867193	641	1457867195	41.23429147	-8.54449188	165	190.1	10.7616	4	8
30	13697	1457867195	247	1457867196	41.23419661	-8.54452172	165.1	193	10.5119	4	8
31	13697	1457867197	129	1457867198	41.23400877	-8.54458491	164.4	196.9	10.5119	3	8
32	13697	1457867199	141	1457867200	41.23382127	-8.54468195	164	200.9	10.7616	4	9
33	13697	1457867200	674	1457867202	41.23364153	-8.54480358	164.4	203.7	11.2611	4	9
34	13697	1457867202	208	1457867203	41.23354625	-8.54486104	164.7	203.7	11.5109	4	9
35	13697	1457867204	133	1457867205	41.23337176	-8.54495903	164.7	203.4	11.0114	4	9
36	13697	1457867206	119	1457867207	41.23319747	-8.54505897	163.8	203.4	10.5119	3	9
37	13697	1457867208	150	1457867209	41.23302931	-8.54516088	164.6	204.7	10.2622	5	9
38	13697	1457867209	709	1457867211	41.23291256	-8.54523601	165.2	205.7	7.76611	4	9
39	13697	1457867211	199	1457867212	41.23287958	-8.54525537	165.8	204.7	5.27376	3	9
40	13697	1457867213	131	1457867214	41.2328282	-8.54529669	166	204.6	2.06155	3	9
41	13697	1457867214	738	1457867216	41.23281368	-8.54531122	166.8		0.5	3	8
42	13697	1457867215	739	1457867217	41.23280436	-8.54531946	166.5		0.5	3	9
43	13697	1457867216	689	1457867218	41.23279952	-8.5453241	166.2		0.5	3	9
44	13697	1457867218	208	1457867219	41.23279355	-8.54532824	166.3		0.5	3	8
45	13697	1457867220	134	1457867221	41.23278651	-8.54533736	166.2		0.5	3	9
46	13697	1457867222	131	1457867223	41.23278445	-8.54534103	166.3	204.6	0.901388	4	8
47	13697	1457867224	139	1457867225	41.23272055	-8.545374	166.6	206.1	3.53553	4	9
48	13697	1457867225	658	1457867227	41.23264832	-8.54540059	166.3	188.5	4.52769	3	9
49	13697	1457867227	229	1457867228	41.23260194	-8.54537643	166.5	159.2	5.02494	4	9
50	13697	1457867229	134	1457867230	41.23256357	-8.54522142	165.9	107.6	7.01783	3	9
51	13697	1457867231	212	1457867232	41.23252902	-8.54502323	165.9	101.8	8.26514	4	9
52	13697	1457867232	688	1457867234	41.23251658	-8.54480816	166.5	96.5	8.76427	3	9
53	13697	1457867233	840	1457867235	41.23249961	-8.54470834	166.8	103.5	8.51469	3	9
54	13697	1457867236	139	1457867237	41.23239795	-8.5445757	166.4	144.3	7.76611	4	9
55	13697	1457867238	155	1457867239	41.23225006	-8.54458589	164.7	194	8.01561	3	9
56	13697	1457867239	587	1457867241	41.23213645	-8.54474672	165.3	229.8	9.51315	4	9
57	13697	1457867240	777	1457867242	41.23207146	-8.54486319	164.4	232	11.7606	4	9
58	13697	1457867243	147	1457867244	41.23194971	-8.54512737	164.4	237.5	12.7598	4	9
59	13697	1457867245	139	1457867246	41.23181884	-8.54540138	164.6	237.6	14.2588	4	9
60	13697	1457867247	149	1457867248	41.23167627	-8.54570418	164.3	238.3	15.0083	4	8
61	13697	1457867248	691	1457867250	41.23150787	-8.54599528	165.2	231.4	15.5081	4	9
62	13697	1457867250	236	1457867251	41.23140669	-8.54611866	165	225	15.2582	4	9
63	13697	1457867252	131	1457867253	41.2312104	-8.54637377	165.9	224.4	15.0083	4	9
64	13697	1457867253	775	1457867255	41.23102849	-8.54665778	167.1	227.9	15.7579	4	9
65	13697	1457867256	145	1457867257	41.23083021	-8.54694969	166.6	228.3	16.2577	4	9
66	13697	1457867257	648	1457867259	41.23065599	-8.54723193	168.3	228.8	15.2582	4	9
67	13697	1457867259	180	1457867260	41.23056901	-8.54735638	168.3	228.9	14.7585	4	9
68	13697	1457867261	125	1457867262	41.23040694	-8.54758956	166.4	227.7	12.7598	4	9
69	13697	1457867263	163	1457867264	41.23027925	-8.54777711	166.6	226.9	10.2622	4	9
70	13697	1457867264	702	1457867266	41.23017454	-8.54794934	166.6	229.5	8.76427	3	9
71	13697	1457867266	193	1457867267	41.23012743	-8.54802685	166.6	230.1	8.51469	4	9
72	13697	1457867268	138	1457867269	41.23005208	-8.54814549	166.3	231	6.5192	4	9
73	13697	1457867270	119	1457867271	41.22998328	-8.54827775	167	235.9	7.01783	5	9
74	13697	1457867272	156	1457867273	41.22983469	-8.54846103	168	227.3	10.5119	4	9
75	13697	1457867273	637	1457867275	41.22968536	-8.54866139	167.6	227	10.5119	4	8
76	13697	1457867274	607	1457867276	41.22963605	-8.54873649	167.4	226	9.2635	4	8
77	13697	1457867275	636	1457867277	41.22957802	-8.54880868	167.6	223.4	8.76427	5	8
78	13697	1457867276	691	1457867278	41.22951019	-8.54880062	167.9	192	7.26722	3	8
79	13697	1457867277	610	1457867279	41.22943276	-8.5487801	164.5	171.2	8.26514	4	8
80	13697	1457867279	155	1457867280	41.22934428	-8.54873679	162	152.8	9.01388	4	8
81	13697	1457867280	705	1457867282	41.22919045	-8.5485775	161.5	142.2	10.5119	5	8
82	13697	1457867283	180	1457867284	41.22896814	-8.54836982	160.1	143	13.7591	4	8
83	13697	1457867284	610	1457867286	41.2287508	-8.54818175	156.2	149.9	14.5086	3	8
84	13697	1457867286	147	1457867287	41.22862512	-8.54812474	154.6	159.7	14.7585	3	8
85	13697	1457867287	644	1457867289	41.22836782	-8.54810117	150.2	181.2	15.2582	3	8
86	13697	1457867289	150	1457867290	41.22822886	-8.54812786	149.1	189.4	15.7579	3	8
87	13697	1457867290	667	1457867292	41.22795242	-8.54820968	147.4	192	16.0078	3	8
88	13697	1457867292	204	1457867293	41.22781317	-8.54825004	146.2	193	16.2577	3	8
89	13697	1457867293	592	1457867295	41.2275336	-8.54833709	145.3	193.6	16.2577	3	8
90	13697	1457867294	619	1457867296	41.22739332	-8.54837894	144.7	193.4	16.2577	3	8
91	13697	1457867295	609	1457867297	41.22725202	-8.54843112	144.4	193.5	16.2577	4	8
92	13697	1457867297	127	1457867298	41.2271081	-8.54847838	143.5	193.6	16.5076	4	8
93	13697	1457867299	135	1457867300	41.22682461	-8.54857893	142	194	16.7575	3	8
94	13697	1457867301	154	1457867302	41.22653015	-8.54867723	142	194.1	17.0074	4	8
95	13697	1457867302	709	1457867304	41.22624131	-8.54876697	142	193.2	16.5076	4	8
96	13697	1457867304	255	1457867305	41.22610399	-8.54881781	142.2	193.4	16.0078	3	8
97	13697	1457867305	621	1457867307	41.22583475	-8.54891435	141.3	194.6	15.0083	4	8
98	13697	1457867306	634	1457867308	41.22571483	-8.54894905	141	194.6	14.0089	3	8
99	13697	1457867308	159	1457867309	41.22559787	-8.5489764	141.1	191.1	13.2594	4	8
100	13697	1457867310	134	1457867311	41.22537339	-8.54893103	142.2	167.7	12.7598	4	8
101	13697	1457867312	176	1457867313	41.22515556	-8.54880181	142.9	155.9	13.2594	4	8
102	13697	1457867313	665	1457867315	41.22493282	-8.54866995	142.8	157.1	13.7591	4	8
103	13697	1457867314	613	1457867316	41.22481502	-8.54860683	142.8	157.8	13.7591	3	8
104	13697	1457867315	612	1457867317	41.22470005	-8.54854017	143	157	13.7591	3	8
105	13697	1457867317	184	1457867318	41.22458143	-8.54847307	142.7	156.3	14.0089	3	8
106	13697	1457867319	157	1457867320	41.22435855	-8.54833643	141.8	156.5	13.5093	4	8
107	13697	1457867321	258	1457867322	41.22417771	-8.54823792	140.5	157.8	10.2622	4	8
108	13697	1457867322	616	1457867324	41.22405051	-8.54817104	141.5	158.9	7.01783	4	8
109	13697	1457867323	622	1457867325	41.2239972	-8.54815038	141.4	162.9	6.26997	5	8
110	13697	1457867324	598	1457867326	41.2239783	-8.54812111	141.9	151.8	4.52769	4	8
111	13697	1457867325	600	1457867327	41.2239504	-8.548095	141.9	136.2	3.78319	4	8
112	13697	1457867326	609	1457867328	41.22388502	-8.54808035	141.4	161.7	5.52268	4	8
113	13697	1457867327	602	1457867329	41.22383842	-8.54806114	141.4	160.7	5.52268	4	8
114	13697	1457867328	687	1457867330	41.22378541	-8.54803516	140.7	153.5	5.52268	4	8
115	13697	1457867329	671	1457867331	41.2237315	-8.54800809	140.2	154.6	5.52268	4	8
116	13697	1457867330	598	1457867332	41.22369152	-8.54799186	140.9	158.1	5.27376	4	8
117	13697	1457867331	598	1457867333	41.223639	-8.54796705	140.1	157	5.27376	4	8
118	13697	1457867332	603	1457867334	41.22359349	-8.54794862	139.7	160.9	5.52268	4	8
119	13697	1457867333	598	1457867335	41.22354845	-8.54792101	138.8	158.5	5.7717	3	8
120	13697	1457867334	600	1457867336	41.22349829	-8.54788986	137.2	158.1	6.0208	3	8
121	13697	1457867335	597	1457867337	41.22344297	-8.54785383	136.3	155.8	6.26997	3	8
122	13697	1457867336	597	1457867338	41.22338508	-8.54782917	135.9	157.1	6.5192	3	8
123	13697	1457867337	650	1457867339	41.22333536	-8.54781565	136.2	162.1	6.26997	3	8
124	13697	1457867338	656	1457867340	41.22329521	-8.54780008	136	161.2	4.77624	4	8
125	13697	1457867339	621	1457867341	41.22327662	-8.54778175	136.1	158.4	2.54951	3	8
126	13697	1457867340	690	1457867342	41.22326818	-8.54777761	136.4	162	1.11803	4	8
127	13697	1457867341	613	1457867343	41.22326064	-8.54777986	136.3	162	0.901388	4	8
128	13697	1457867342	609	1457867344	41.22326671	-8.5477824	136.2		0.5	3	8
129	13697	1457867343	616	1457867345	41.22326402	-8.54778083	136.6		0.5	3	8
130	13697	1457867344	604	1457867346	41.22326495	-8.5477807	136.5		0.5	3	8
131	13697	1457867345	614	1457867347	41.22326363	-8.54777974	136.4		0.5	4	8
132	13697	1457867346	613	1457867348	41.22326276	-8.5477794	136.5	162	0.559017	3	8
133	13697	1457867347	608	1457867349	41.22326028	-8.54777247	136.6	162	0.901388	4	8
134	13697	1457867348	643	1457867350	41.2232286	-8.54775026	136.6	159.5	3.04138	3	8
135	13697	1457867349	609	1457867351	41.22318896	-8.54774133	136.7	159.3	4.03113	3	8
136	13697	1457867350	674	1457867352	41.22315147	-8.54772641	136.5	159.3	4.52769	3	8
137	13697	1457867351	608	1457867353	41.22310723	-8.54770886	136.4	159.3	5.27376	3	8
138	13697	1457867352	614	1457867354	41.22305331	-8.54769271	137.2	157.7	6.26997	3	8
139	13697	1457867353	672	1457867355	41.22299149	-8.54764751	136.3	157.1	7.26722	3	8
140	13697	1457867354	609	1457867356	41.22291697	-8.5476091	135.9	157.7	8.01561	3	8
141	13697	1457867355	617	1457867357	41.2228494	-8.54757382	135.1	158.3	8.51469	3	8
142	13697	1457867356	619	1457867358	41.22277288	-8.547532	134.5	158.1	9.2635	3	8
143	13697	1457867357	599	1457867359	41.22269332	-8.54748675	134	158.3	9.76281	3	8
144	13697	1457867358	617	1457867360	41.22260403	-8.54744322	133.3	158.5	10.2622	4	8
145	13697	1457867359	600	1457867361	41.22251787	-8.54739875	133.3	158.4	10.5119	4	8
146	13697	1457867360	609	1457867362	41.22242386	-8.54735564	133.4	159.1	10.7616	4	8
147	13697	1457867361	644	1457867363	41.22233088	-8.54731742	132.8	160.1	10.7616	4	8
148	13697	1457867363	142	1457867364	41.22223004	-8.54727523	133.6	159.4	11.0114	3	8
149	13697	1457867364	687	1457867366	41.2220547	-8.54716996	133.3	158.6	10.7616	4	8
150	13697	1457867366	216	1457867367	41.22197352	-8.54712724	133	158.6	10.2622	3	8
151	13697	1457867368	142	1457867369	41.22181202	-8.5470733	135	160.1	8.51469	4	8
152	13697	1457867370	137	1457867371	41.22166957	-8.54697281	135.2	151.6	9.01388	5	8
153	13697	1457867372	155	1457867373	41.2215318	-8.54688497	135.1	155.7	8.76427	5	8
154	13697	1457867373	647	1457867375	41.22133935	-8.54681421	134.8	158.2	9.51315	3	8
155	13697	1457867374	773	1457867376	41.22125821	-8.54676011	134.5	159	9.51315	3	8
156	13697	1457867377	139	1457867378	41.22110349	-8.54669698	137.7	160	9.2635	4	8
157	13697	1457867379	182	1457867380	41.22095092	-8.5466322	137.7	159	8.51469	4	8
158	13697	1457867380	691	1457867382	41.22081364	-8.54655558	137.9	159.8	8.51469	4	8
159	13697	1457867382	188	1457867383	41.22074428	-8.54652575	138.1	162.6	8.51469	3	8
160	13697	1457867384	147	1457867385	41.22061323	-8.5464788	138.9	165.5	7.76611	3	8
161	13697	1457867386	159	1457867387	41.22047717	-8.54642549	138.4	164.8	7.76611	3	8
162	13697	1457867388	178	1457867389	41.22032532	-8.54634719	139.5	160.5	9.2635	3	8
163	13697	1457867389	646	1457867391	41.22015197	-8.54626827	138.8	160.5	10.5119	4	7
164	13697	1457867391	179	1457867392	41.22005495	-8.54622958	139.6	160.7	11.0114	3	8
165	13697	1457867393	136	1457867394	41.21986608	-8.54614624	140.5	160.7	11.0114	4	8
166	13697	1457867394	756	1457867396	41.21968682	-8.5460571	141	161.3	10.7616	4	8
167	13697	1457867395	710	1457867397	41.21959809	-8.54601033	141.5	160.6	10.7616	4	8
168	13697	1457867396	694	1457867398	41.21951069	-8.54597083	141.4	162	10.7616	3	8
169	13697	1457867398	207	1457867399	41.21941991	-8.54594256	142.4	163.9	10.2622	3	9
170	13697	1457867400	174	1457867401	41.21924959	-8.54585478	143.1	159	10.0125	3	9
171	13697	1457867401	740	1457867403	41.21909442	-8.54577104	145.1	160.5	9.01388	3	9
172	13697	1457867402	651	1457867404	41.21902599	-8.54573925	145.3	161.2	8.01561	3	9
173	13697	1457867404	157	1457867405	41.2189669	-8.54571398	145.6	161.3	6.5192	3	9
174	13697	1457867405	659	1457867407	41.21890834	-8.54569627	146.1	164.2	3.04138	3	9
175	13697	1457867407	174	1457867408	41.21889036	-8.54569712	146.5	165.2	1.82003	3	9
176	13697	1457867409	142	1457867410	41.21885646	-8.54569443	146.3	165.7	2.79508	3	9
177	13697	1457867411	147	1457867412	41.21878273	-8.54568742	146.9	177.5	4.52769	3	9
178	13697	1457867412	685	1457867414	41.21867828	-8.54566298	147.3	166	6.5192	3	9
179	13697	1457867413	851	1457867415	41.21861311	-8.54562268	147.4	156	7.76611	4	9
180	13697	1457867415	659	1457867417	41.21847432	-8.54551595	147.6	152.8	10.0125	3	9
181	13697	1457867452	650	1457867454	41.21475382	-8.54578318	184.6	218.3	12.25	9	7
182	13697	1457867453	824	1457867455	41.21464556	-8.5458524	183.8	206.6	12.25	8	8
183	13697	1457867455	658	1457867457	41.2144439	-8.54584758	176	189.9	12.75	4	8
184	13697	1457867456	638	1457867458	41.21431142	-8.54586533	176.5	183.1	12.75	4	8
185	13697	1457867457	642	1457867459	41.21418334	-8.54586944	174	181.6	12.75	4	8
186	13697	1457867458	646	1457867460	41.2140768	-8.54588292	176.1	182.2	12.25	5	8
187	13697	1457867459	656	1457867461	41.21395735	-8.54590165	177.4	185.9	12.5	5	6
188	13697	1457867461	193	1457867462	41.2138521	-8.54594636	178.2	194.2	12.5	4	7
189	13697	1457867463	139	1457867464	41.21362511	-8.54604812	176.8	203.7	12.75	6	8
190	13697	1457867465	160	1457867466	41.21343643	-8.54631381	177.5	220.7	14.5	6	9
191	13697	1457867466	610	1457867468	41.21323895	-8.5465537	176.5	221.8	15.25	5	8
192	13697	1457867467	659	1457867469	41.21313768	-8.54667557	176.7	218.6	15.5	4	8
193	13697	1457867468	633	1457867470	41.21302176	-8.54678456	177	215.3	15.5	4	8
194	13697	1457867470	153	1457867471	41.2129053	-8.54688184	177.1	211	15.5	4	8
195	13697	1457867472	155	1457867473	41.2126669	-8.54703899	176	202.7	15	3	9
196	13697	1457867473	662	1457867475	41.21243203	-8.54714903	175.3	200.3	13.5	4	9
197	13697	1457867474	788	1457867476	41.21231688	-8.5471979	174.9	198.2	13.25	4	9
198	13697	1457867477	162	1457867478	41.21207958	-8.5472782	176.4	196.1	12.75	3	9
199	13697	1457867478	731	1457867480	41.2118774	-8.54737988	177.7	201.4	12	4	9
200	13697	1457867480	188	1457867481	41.21181126	-8.54742139	177.5	203.7	9.75	4	9
201	13697	1457867482	159	1457867483	41.21169085	-8.54752353	177.1	213.8	8	4	9
202	13697	1457867483	616	1457867485	41.21160162	-8.54765934	177.6	230.1	7.25	5	9
203	13697	1457867484	613	1457867486	41.21154874	-8.54772052	177.9	223	8	4	9
204	13697	1457867486	187	1457867487	41.21149813	-8.54776835	178.7	212.2	7.75	5	9
205	13697	1457867487	702	1457867489	41.21134198	-8.5478331	177.2	206	9	4	9
206	13697	1457867489	164	1457867490	41.21126189	-8.54789254	176.9	208.4	9.75	5	9
207	13697	1457867491	147	1457867492	41.21107422	-8.54799919	177.6	199.7	10.5	5	8
208	13697	1457867493	182	1457867494	41.21087697	-8.54800492	178.6	179.2	11	5	9
209	13697	1457867494	767	1457867496	41.21070254	-8.54798456	178.9	177	9.25	4	9
210	13697	1457867496	203	1457867497	41.21064671	-8.54797546	179.5	176.3	6	4	9
211	13697	1457867498	151	1457867499	41.21056936	-8.54796015	179.2	174.5	5.75	4	9
212	13697	1457867500	155	1457867501	41.21043237	-8.54792171	180.4	168.2	8.25	5	8
213	13697	1457867501	719	1457867503	41.21026865	-8.54788038	180.8	168.9	9.75	4	8
214	13697	1457867503	224	1457867504	41.21017574	-8.54785945	181.3	168.4	10	5	8
215	13697	1457867505	221	1457867506	41.20995014	-8.54781847	182.4	171.3	12	4	8
216	13697	1457867507	146	1457867508	41.20971878	-8.54772899	182.8	160.1	13.5	4	8
217	13697	1457867509	170	1457867510	41.20949179	-8.54761107	184.2	159	13.75	4	8
218	13697	1457867510	681	1457867512	41.20923783	-8.54753742	184.4	167.4	14.5	4	8
219	13697	1457867511	739	1457867513	41.20910819	-8.54749727	183.7	168.4	15.25	3	8
220	13697	1457867512	661	1457867514	41.20897761	-8.54745958	183	168.6	15.5	4	8
221	13697	1457867513	660	1457867515	41.20883665	-8.54742844	183.4	170.6	15.75	4	8
222	13697	1457867514	621	1457867516	41.20869214	-8.54742154	183	177.5	15.75	4	8
223	13697	1457867515	619	1457867517	41.20854983	-8.54743229	182.3	182.8	15.75	4	8
224	13697	1457867516	655	1457867518	41.20840653	-8.54744437	181.2	183.4	15.75	3	8
225	13697	1457867517	631	1457867519	41.20826325	-8.54745464	181.1	183.3	15.75	4	8
226	13697	1457867518	621	1457867520	41.20812513	-8.54745717	181.3	183.2	15.75	4	8
227	13697	1457867519	699	1457867521	41.2079839	-8.54746162	180.9	181.8	15.75	4	8
228	13697	1457867520	632	1457867522	41.20783801	-8.54742838	180	173.7	16	4	8
229	13697	1457867521	680	1457867523	41.20771153	-8.54736732	179.9	164.5	16.25	4	8
230	13697	1457867522	621	1457867524	41.20757491	-8.54728986	179.4	158.1	16.25	4	8
231	13697	1457867523	621	1457867525	41.20744814	-8.54721291	178.3	155.5	15.5	3	8
232	13697	1457867524	625	1457867526	41.20732635	-8.54714975	177.9	158.5	14.5	3	8
233	13697	1457867525	627	1457867527	41.20720164	-8.54712505	177.5	168.7	13.75	3	8
234	13697	1457867526	622	1457867528	41.20707789	-8.547148	175.9	184.1	13.5	3	8
235	13697	1457867527	662	1457867529	41.20695805	-8.5472019	176.3	196.2	13.75	3	8
236	13697	1457867528	611	1457867530	41.20684033	-8.54725787	176.3	198.6	14	4	8
237	13697	1457867529	613	1457867531	41.20670854	-8.54731811	176.5	198.9	14.75	4	9
238	13697	1457867530	625	1457867532	41.20658424	-8.54737748	176.8	199.4	14.5	4	9
239	13697	1457867531	630	1457867533	41.20646523	-8.54743258	176.8	199.2	14.25	4	9
240	13697	1457867532	620	1457867534	41.20635177	-8.54748297	176.5	199.9	13.75	4	9
241	13697	1457867533	652	1457867535	41.20623219	-8.54753038	177	198.1	13.75	4	9
242	13697	1457867534	621	1457867536	41.2061252	-8.54756932	176.6	197.6	13.5	4	9
243	13697	1457867535	704	1457867537	41.2060025	-8.54762442	176.4	198.7	13.25	4	9
244	13697	1457867536	631	1457867538	41.2058794	-8.54767714	175.9	198.3	13.25	5	9
245	13697	1457867537	620	1457867539	41.20577182	-8.54773443	175.9	200.2	12.25	4	9
246	13697	1457867538	625	1457867540	41.20566868	-8.54779174	176	204.2	12.25	5	9
247	13697	1457867539	623	1457867541	41.20559984	-8.54788562	175	218	11.25	4	9
248	13697	1457867540	653	1457867542	41.20554369	-8.54798093	173.8	226.8	10.5	4	9
249	13697	1457867541	672	1457867543	41.20548685	-8.54805718	172.9	226.6	9.5	4	9
250	13697	1457867542	629	1457867544	41.20543111	-8.54811473	171.8	218.9	8.5	4	9
251	13697	1457867543	629	1457867545	41.20536843	-8.54816765	172.1	211.3	8.25	4	9
252	13697	1457867544	623	1457867546	41.20532741	-8.54818876	172.2	203.5	6	4	9
253	13697	1457867545	614	1457867547	41.20532525	-8.54819202	172	204.1	3	3	9
254	13697	1457867546	655	1457867548	41.20531807	-8.54819803	171.8	206.2	1.25	3	9
255	13697	1457867547	672	1457867549	41.20532531	-8.54819434	170.9			3	9
256	13697	1457867548	627	1457867550	41.20532448	-8.54819484	170.8	206.2	0.25	4	9
257	13697	1457867549	681	1457867551	41.20532014	-8.5482063	171.1	206.2	0.5	5	9
258	13697	1457867550	631	1457867552	41.20530663	-8.54822219	170.8	223	1.25	5	8
259	13697	1457867552	148	1457867553	41.20525351	-8.54827344	170.6	219.8	4.25	5	8
260	13697	1457867553	676	1457867555	41.20515912	-8.54837273	171	217.6	7	4	8
261	13697	1457867554	792	1457867556	41.20509357	-8.5484161	171.3	208.5	7.75	4	8
262	13697	1457867557	202	1457867558	41.20494388	-8.54849324	171.1	203	9	4	9
263	13697	1457867559	151	1457867560	41.2047702	-8.54863672	171.6	211.7	11.25	4	8
264	13697	1457867561	169	1457867562	41.20456577	-8.54880179	171.4	211.2	13.25	4	9
265	13697	1457867563	170	1457867564	41.20435906	-8.54900047	171.5	215	14.25	4	9
266	13697	1457867564	726	1457867566	41.20416686	-8.54925156	170.8	225.9	15	4	8
267	13697	1457867565	752	1457867567	41.20406748	-8.54939151	170.6	229.6	15.5	4	9
268	13697	1457867566	617	1457867568	41.20396695	-8.54954019	169.8	230.4	16.25	4	9
269	13697	1457867567	632	1457867569	41.20386565	-8.54969322	169.6	231.3	16.5	4	9
270	13697	1457867568	624	1457867570	41.20377262	-8.54985406	169.2	233.3	17.25	4	9
271	13697	1457867569	641	1457867571	41.20367923	-8.55001857	169.3	233.3	17.25	4	9
272	13697	1457867571	186	1457867572	41.20359402	-8.55019086	169.2	236.8	17.5	3	8
273	13697	1457867572	626	1457867574	41.20344576	-8.55055287	168.8	241.3	17.25	4	8
274	13697	1457867573	651	1457867575	41.20336659	-8.55072856	168.8	241.4	17.25	4	8
275	13697	1457867574	806	1457867576	41.20328736	-8.55089997	168.5	239.2	17	4	8
276	13697	1457867577	190	1457867578	41.20311071	-8.55122085	167.8	234.3	16.75	4	8
277	13697	1457867578	732	1457867580	41.20291219	-8.55153654	166.9	229	17.25	4	8
278	13697	1457867580	193	1457867581	41.20279935	-8.55169671	166	228.6	17.75	4	8
279	13697	1457867581	631	1457867583	41.20260423	-8.55203481	165.6	233.6	18	4	8
280	13697	1457867582	628	1457867584	41.2025082	-8.55220984	164.9	234.6	18.25	3	8
281	13697	1457867583	761	1457867585	41.20241619	-8.55238486	163.9	234.8	18.75	3	8
282	13697	1457867584	733	1457867586	41.20231813	-8.5525688	163.5	234.8	19	3	8
283	13697	1457867585	783	1457867587	41.20221982	-8.55274534	162.6	234.4	19	4	8
284	13697	1457867586	651	1457867588	41.20212109	-8.55293101	162.6	234.4	19.25	3	8
285	13697	1457867587	712	1457867589	41.20202095	-8.55312366	162.7	234.5	19.5	3	8
286	13697	1457867589	182	1457867590	41.20191996	-8.55331946	163	234.7	19.75	3	8
287	13697	1457867591	184	1457867592	41.20170814	-8.55370108	162.8	234.4	19.75	3	8
288	13697	1457867593	184	1457867594	41.20150913	-8.55408697	163.3	235.8	19.5	4	8
289	13697	1457867594	709	1457867596	41.20133312	-8.55449176	163.2	241.2	19.25	4	8
290	13697	1457867596	243	1457867597	41.20126772	-8.55470266	164	246.6	19.25	3	8
291	13697	1457867598	162	1457867599	41.20118055	-8.55516122	166.2	255.8	19.5	3	8
292	13697	1457867600	179	1457867601	41.20113931	-8.55563425	167.1	264.9	20	3	9
293	13697	1457867601	619	1457867603	41.20113156	-8.55611115	167.2	268.7	20.5	4	9
294	13697	1457867602	847	1457867604	41.20114441	-8.55639713	166.1	271.5	22.5	4	9
295	13697	1457867605	194	1457867606	41.20118565	-8.55699657	166	275.6	26	3	9
296	13697	1457867607	138	1457867608	41.20124867	-8.55769025	167.3	277.5	29.75	3	9
297	13697	1457867609	179	1457867610	41.20133964	-8.55844365	168.8	279.3	32.25	3	9
298	13697	1457867610	730	1457867612	41.20144563	-8.55917383	170.7	280.9	30.75	3	9
299	13697	1457867612	225	1457867613	41.20149538	-8.55952377	171	280.3	29.75	4	9
300	13697	1457867613	928	1457867615	41.20157873	-8.56019961	171.7	279.2	28.75	4	9
301	13697	1457867616	236	1457867617	41.20163703	-8.5608648	172.7	276.8	28	3	9
302	13697	1457867617	749	1457867619	41.20167301	-8.561525	174	273.8	27.75	4	9
303	13697	1457867619	304	1457867620	41.20167757	-8.56185857	174.3	271.9	28	4	9
304	13697	1457867621	206	1457867622	41.20166481	-8.56253069	175.1	267.7	28.25	4	9
305	13697	1457867623	172	1457867624	41.20160873	-8.56321929	175.9	263.5	29	4	9
306	13697	1457867625	155	1457867626	41.20153217	-8.56390933	176.7	261	29	4	9
307	13697	1457867626	651	1457867628	41.20139919	-8.56462923	175.6	254.8	30.75	3	9
308	13697	1457867628	264	1457867629	41.20131547	-8.56497698	175.9	252.6	31.5	4	9
309	13697	1457867629	650	1457867631	41.20109474	-8.56569911	174.9	247.5	33	3	9
310	13697	1457867630	642	1457867632	41.20097057	-8.5660652	175	245.4	33.5	3	9
311	13697	1457867631	708	1457867633	41.20082693	-8.56643051	174.7	243	34	3	9
312	13697	1457867632	619	1457867634	41.20067097	-8.56678915	174.4	240.8	34.5	3	9
313	13697	1457867633	704	1457867635	41.20050575	-8.56714218	174.6	238.6	35	3	9
314	13697	1457867634	633	1457867636	41.20033375	-8.56749909	174.5	237	35.25	3	9
315	13697	1457867635	635	1457867637	41.20015421	-8.56784808	174.3	236	35.5	3	9
316	13697	1457867636	638	1457867638	41.19997399	-8.56819401	173.7	235.8	35.25	3	9
317	13697	1457867637	620	1457867639	41.19979691	-8.56853462	173.7	235.9	34.75	3	9
318	13697	1457867638	620	1457867640	41.19962826	-8.56887336	173.7	236.5	34	3	9
319	13697	1457867639	617	1457867641	41.19947107	-8.56921038	173.9	238.1	33.5	3	9
320	13697	1457867640	620	1457867642	41.1993295	-8.56955192	173.9	240.4	32.75	4	9
321	13697	1457867641	645	1457867643	41.19920535	-8.56990099	174.6	243.9	32.25	3	9
322	13697	1457867642	629	1457867644	41.19909592	-8.57025559	174.7	247.4	32	3	9
323	13697	1457867643	628	1457867645	41.19900236	-8.57061224	174.8	250.3	31.75	4	9
324	13697	1457867644	639	1457867646	41.1989221	-8.57096951	174.6	252.8	31.5	4	9
325	13697	1457867645	735	1457867647	41.1988457	-8.57132993	174.6	253.7	31.5	5	9
326	13697	1457867646	714	1457867648	41.19884199	-8.57170238	174.5	261.8	31.25	3	9
327	13697	1457867647	628	1457867649	41.19882159	-8.57206958	175	265.2	31	3	9
328	13697	1457867648	619	1457867650	41.19880496	-8.57243266	174.9	266.4	30.75	4	9
329	13697	1457867649	682	1457867651	41.19880259	-8.5727889	174.8	268.5	30	4	9
330	13697	1457867650	639	1457867652	41.19883093	-8.57314103	174.7	273.2	29.75	3	9
331	13697	1457867651	666	1457867653	41.19885071	-8.5734831	174.2	275	29.25	3	9
332	13697	1457867652	637	1457867654	41.19887563	-8.57382559	174	275.5	28.75	3	9
333	13697	1457867653	668	1457867655	41.19890197	-8.57416484	173.8	276	28.5	3	9
334	13697	1457867654	636	1457867656	41.1989301	-8.57448603	173.5	276.4	27.75	4	9
335	13697	1457867655	638	1457867657	41.19895536	-8.57480613	173.4	276.3	27.25	3	9
336	13697	1457867656	620	1457867658	41.19897288	-8.57511496	173.3	274.2	26	4	9
337	13697	1457867657	632	1457867659	41.19898994	-8.57542352	173.3	274.2	26	5	9
338	13697	1457867658	636	1457867660	41.19900703	-8.57573199	173.3	274.2	26	5	9
339	13697	1457867670	645	1457867672	41.19930349	-8.57938502	172.1	274.7	25.25	13	8
340	13697	1457867671	665	1457867673	41.19933997	-8.57968853	171.8	274.9	25.25	8	8
341	13697	1457867672	636	1457867674	41.19938783	-8.58001323	168.9	273.9	25.5	7	9
342	13697	1457867673	955	1457867675	41.19939745	-8.5803217	168.6	272.2	26	6	9
343	13697	1457867676	227	1457867677	41.19937549	-8.58097313	166.8	266.1	27.5	5	9
344	13697	1457867678	324	1457867679	41.1993036	-8.58163858	167.1	262	28.25	6	9
345	13697	1457867680	189	1457867681	41.19917668	-8.58229036	167.4	255.9	28	4	9
346	13697	1457867682	261	1457867683	41.19903048	-8.5829143	166.1	252.8	27.5	3	9
347	13697	1457867683	677	1457867685	41.19886611	-8.5835198	164.4	250.1	26.75	3	9
348	13697	1457867685	209	1457867686	41.19878143	-8.58380735	164	248.7	26	4	9
349	13697	1457867687	163	1457867688	41.19860936	-8.58436543	161.8	248.2	25.25	3	9
350	13697	1457867689	172	1457867690	41.19845477	-8.58494036	161.1	250	25.5	4	9
351	13697	1457867690	651	1457867692	41.19836087	-8.58557187	157.3	260.7	27.25	3	9
352	13697	1457867692	181	1457867693	41.19833813	-8.58590549	155.2	264.1	28	3	9
353	13697	1457867693	950	1457867695	41.19832577	-8.58658131	152.1	269.3	28.75	4	9
354	13697	1457867696	203	1457867697	41.19833316	-8.58727787	149.2	269.4	29	4	9
355	13697	1457867697	733	1457867699	41.1982926	-8.58797014	147	265.2	28.5	4	9
356	13697	1457867699	238	1457867700	41.19826242	-8.58829821	146.9	264	28	5	9
357	13697	1457867700	643	1457867702	41.19815965	-8.58890906	142.9	257.9	26	3	9
358	13697	1457867701	635	1457867703	41.19811863	-8.58919719	141.6	258.2	25	3	9
359	13697	1457867703	211	1457867704	41.19807696	-8.58948479	141.6	258.8	24.25	4	9
360	13697	1457867705	181	1457867706	41.19800266	-8.58998587	141.4	258.1	22	4	9
361	13697	1457867706	705	1457867708	41.19785566	-8.59042592	140.7	245.2	20.5	3	9
362	13697	1457867708	232	1457867709	41.19777235	-8.59064575	139	243.5	19.25	4	9
363	13697	1457867710	249	1457867711	41.19750058	-8.59094829	137.4	220.9	19	4	7
364	13697	1457867712	180	1457867713	41.19718322	-8.5911643	139.6	204.1	19.25	3	9
365	13697	1457867713	962	1457867715	41.1968459	-8.59125903	142	187.8	19.25	4	9
366	13697	1457867715	689	1457867717	41.19648961	-8.59120472	143.8	171.3	20	4	9
367	13697	1457867716	834	1457867718	41.19631176	-8.59113028	144.8	164.6	20.25	3	9
368	13697	1457867748	670	1457867750	41.18924957	-8.59482178	151.7	199.9	32.75	7	8
369	13697	1457867749	767	1457867751	41.1890125	-8.59488734	153.6	193.8	30.75	3	8
370	13697	1457867751	182	1457867752	41.18873808	-8.59493637	154.2	190	30.75	3	8
371	13697	1457867753	187	1457867754	41.18818768	-8.59499949	151.7	183.7	30.75	4	8
372	13697	1457867754	700	1457867756	41.18763263	-8.59495998	153.7	176.2	31	4	8
373	13697	1457867755	667	1457867757	41.18736291	-8.59489955	154.4	171.5	30.75	4	8
374	13697	1457867756	630	1457867758	41.18707975	-8.59484381	154	169.8	30.75	4	8
375	13697	1457867758	154	1457867759	41.18681467	-8.59476384	155.4	167	30.75	4	7
376	13697	1457867759	637	1457867761	41.1862705	-8.59459191	155	166.3	31	5	7
377	13697	1457867760	685	1457867762	41.18600392	-8.59451105	156.7	166.5	30.25	4	7
378	13697	1457867762	170	1457867763	41.18575679	-8.59442181	156.6	165.9	28.75	4	7
379	13697	1457867764	182	1457867765	41.18532076	-8.59425284	158.5	165.3	25.25	4	8
380	13697	1457867765	766	1457867767	41.18490562	-8.59409274	161.1	165	23.75	3	8
381	13697	1457867767	238	1457867768	41.18469565	-8.59402065	162.3	165.8	24	3	8
382	13697	1457867769	188	1457867770	41.18425888	-8.59388983	162.7	166.1	24.75	4	8
383	13697	1457867771	175	1457867772	41.18381365	-8.59375775	163.7	166.4	25.25	4	8
384	13697	1457867772	640	1457867774	41.18336561	-8.59362426	164.7	167.2	25.5	3	8
385	13697	1457867773	806	1457867775	41.18314255	-8.59356051	164.9	167.8	25.5	4	8
386	13697	1457867776	267	1457867777	41.18268114	-8.59345128	166.5	169.8	25.75	4	8
387	13697	1457867778	160	1457867779	41.1822224	-8.59335544	168.3	171.1	25.5	4	7
388	13697	1457867780	199	1457867781	41.18177307	-8.59326975	168.8	173.9	25.5	3	8
389	13697	1457867781	721	1457867783	41.18133024	-8.59322214	169.6	177.2	24.75	3	8
390	13697	1457867783	315	1457867784	41.18111608	-8.59321819	169.6	179	24.25	4	8
391	13697	1457867785	161	1457867786	41.1807128	-8.59323267	171.4	182.3	22	4	8
392	13697	1457867786	662	1457867788	41.18037825	-8.59332334	171.7	193.3	18.5	4	8
393	13697	1457867788	164	1457867789	41.18024585	-8.59341491	171.1	206.2	17	4	8
394	13697	1457867790	196	1457867791	41.1800808	-8.59368959	170.7	236.3	15.5	4	8
395	13697	1457867792	200	1457867793	41.18004635	-8.59402992	170.1	260.9	14.75	4	8
396	13697	1457867793	700	1457867795	41.18020963	-8.59433004	170.8	301.7	13.75	4	8
397	13697	1457867794	855	1457867796	41.18028339	-8.59444071	170.3	309.4	12.5	5	8
398	13697	1457867797	169	1457867798	41.18060094	-8.59448238	171.8	356.9	14.5	3	8
399	13697	1457867799	179	1457867800	41.1808457	-8.59434476	172.2	31.6	13.75	4	8
400	13697	1457867801	210	1457867802	41.18098915	-8.59405041	174	63.7	15	3	8
401	13697	1457867802	669	1457867804	41.18097948	-8.59370377	174	97.4	15.25	3	8
402	13697	1457867804	187	1457867805	41.18093639	-8.59352715	173.3	110.3	15.75	3	8
403	13697	1457867806	186	1457867807	41.18079182	-8.59317474	172.9	116.4	17.25	4	8
404	13697	1457867808	204	1457867809	41.18063883	-8.59277709	173	116.4	19.25	4	8
405	13697	1457867810	169	1457867811	41.1804748	-8.59234602	173.4	117.7	20.75	4	8
406	13697	1457867811	661	1457867813	41.18030041	-8.59191702	173.5	118	20.5	5	8
407	13697	1457867813	173	1457867814	41.18021711	-8.59170817	173.5	117.6	20.25	5	8
408	13697	1457867814	688	1457867816	41.1800733	-8.5912926	173.2	115.2	19.75	4	8
409	13697	1457867815	643	1457867817	41.18000089	-8.59108185	173.1	114.5	19.5	4	8
410	13697	1457867816	645	1457867818	41.17993817	-8.59087037	172.6	113.2	19.5	4	8
411	13697	1457867817	658	1457867819	41.17988596	-8.59066331	172.7	110.2	18.75	4	8
412	13697	1457867818	654	1457867820	41.179829	-8.5904449	172.3	108.1	18	3	8
413	13697	1457867819	667	1457867821	41.17978192	-8.59023064	172.8	106.6	16.5	3	8
414	13697	1457867820	678	1457867822	41.1797558	-8.59004714	173.3	102.7	15	4	8
415	13697	1457867821	730	1457867823	41.17974261	-8.5898847	173.7	99.8	12.75	4	8
416	13697	1457867822	640	1457867824	41.17972907	-8.58977699	174	99.8	10	4	8
417	13697	1457867823	693	1457867825	41.17971552	-8.58969167	174	103.7	7.25	4	8
418	13697	1457867824	643	1457867826	41.17967402	-8.58963205	173.6	119.9	6.5	4	8
419	13697	1457867825	746	1457867827	41.17961455	-8.58962858	172.2	162.8	6.25	4	8
420	13697	1457867826	651	1457867828	41.17953567	-8.58963992	172.3	183.9	7.5	3	8
421	13697	1457867827	650	1457867829	41.17945637	-8.5896499	172.4	185.5	8.5	4	8
422	13697	1457867828	664	1457867830	41.17937629	-8.58966063	172.4	185.9	9	4	7
423	13697	1457867829	652	1457867831	41.17929677	-8.58967086	172.7	186.9	8.75	4	8
424	13697	1457867830	653	1457867832	41.1792269	-8.58968183	172.7	186.5	8	4	8
425	13697	1457867831	676	1457867833	41.17917374	-8.58969118	172.6	185.9	6.5	4	9
426	13697	1457867832	637	1457867834	41.17914073	-8.58969809	172.2	184.8	4.5	4	9
427	13697	1457867833	639	1457867835	41.17911044	-8.58969206	172	170.3	2.75	3	9
428	13697	1457867834	637	1457867836	41.17909118	-8.58969013	172.4	147.8	2.25	4	9
429	13697	1457867835	663	1457867837	41.17906929	-8.58966865	172.2	135.3	3	4	9
430	13697	1457867836	663	1457867838	41.17904587	-8.58961325	172	121.8	4.25	4	9
431	13697	1457867837	678	1457867839	41.17902568	-8.58954339	171.7	117.1	5.25	4	9
432	13697	1457867838	663	1457867840	41.17899576	-8.58946929	171.7	118.3	6.75	4	9
433	13697	1457867839	662	1457867841	41.17895925	-8.58939518	171.8	119.3	7.75	4	9
434	13697	1457867840	676	1457867842	41.17892166	-8.58929746	172.1	118.9	8.75	3	9
435	13697	1457867841	642	1457867843	41.1788743	-8.58920941	171.2	119.3	9.25	4	9
436	13697	1457867842	664	1457867844	41.17883372	-8.58909495	170.8	117.2	9.75	4	9
437	13697	1457867843	658	1457867845	41.17878318	-8.58897658	171.2	117.7	10.75	5	9
438	13697	1457867844	776	1457867846	41.17873685	-8.58885523	171.6	118.4	11.5	5	9
439	13697	1457867845	682	1457867847	41.17868712	-8.58870859	172.6	117.2	12	5	9
440	13697	1457867846	663	1457867848	41.17862475	-8.5885706	173.6	119.4	12.75	4	9
441	13697	1457867847	659	1457867849	41.17856792	-8.58844509	174.6	119.9	12.5	5	9
442	13697	1457867848	668	1457867850	41.17852621	-8.58832446	174.8	118.5	11.75	6	9
443	13697	1457867849	665	1457867851	41.17847624	-8.58820725	176.9	119.4	10.5	5	9
444	13697	1457867850	679	1457867852	41.17843459	-8.5881166	177.1	121.9	9	5	9
445	13697	1457867851	672	1457867853	41.17838653	-8.58803627	180.8	136.8	8.25	5	9
446	13697	1457867852	824	1457867854	41.17833176	-8.58796791	182.7	139.4	8	6	9
447	13697	1457867854	831	1457867856	41.17816411	-8.58789561	185.5	159.1	9.5	5	9
448	13697	1457867857	183	1457867858	41.17801721	-8.58782632	186.2	160.9	8.75	4	9
449	13697	1457867859	204	1457867860	41.17788848	-8.58776815	187.6	160.9	6.25	3	9
450	13697	1457867861	247	1457867862	41.17782933	-8.5877546	187.8	176.6	2.25	4	9
451	13697	1457867862	680	1457867864	41.17779415	-8.58776396	187.9	185.9	2.25	4	9
452	13697	1457867864	219	1457867865	41.17776193	-8.58778862	187.8	201.8	3.5	4	9
453	13697	1457867866	181	1457867867	41.17769146	-8.58788048	186.8	222.3	5.25	3	8
454	13697	1457867868	202	1457867869	41.17760178	-8.58799896	185	224.5	7.5	4	8
455	13697	1457867869	661	1457867871	41.17754541	-8.58812417	184.9	242.2	5.75	4	8
456	13697	1457867870	642	1457867872	41.17753904	-8.5881533	185.9	251.5	2.75	3	8
457	13697	1457867872	165	1457867873	41.17753783	-8.58816012	186.6	250	0.75	4	8
458	13697	1457867874	18	1457867875	41.17753572	-8.58815943	186.9			3	8
459	13697	1457867876	199	1457867877	41.17753728	-8.58816007	187.3			3	8
460	13697	1457867878	187	1457867879	41.17753282	-8.58821674	187	258.6	3.75	3	8
461	13697	1457867879	690	1457867881	41.17752992	-8.58832254	186.3	262.8	5	4	9
462	13697	1457867881	203	1457867882	41.17752112	-8.58839355	186.3	261.4	5.75	5	9
463	13697	1457867883	173	1457867884	41.17749975	-8.58858852	185.6	261.3	8	4	9
464	13697	1457867884	683	1457867886	41.17747448	-8.58879111	185.4	262.1	9	3	7
465	13697	1457867885	684	1457867887	41.17745273	-8.58890225	186	262.9	9.5	3	7
466	13697	1457867886	652	1457867888	41.17744558	-8.58902191	185.9	263.1	10.25	3	6
467	13697	1457867887	699	1457867889	41.17743902	-8.58914231	186.8	263.8	10.5	3	6
468	13697	1457867888	755	1457867890	41.17744128	-8.58926747	187.1	264.4	10.75	3	6
469	13697	1457867889	657	1457867891	41.17743184	-8.58939518	187.4	264.4	10.75	5	6
470	13697	1457867890	677	1457867892	41.17741279	-8.58952113	186.8	262.6	11.25	3	6
471	13697	1457867891	721	1457867893	41.17740008	-8.5896486	186.2	260.5	11.25	4	6
472	13697	1457867892	741	1457867894	41.17738225	-8.58978962	186.4	260.7	11.5	4	7
473	13697	1457867893	724	1457867895	41.17737238	-8.58993234	186.7	262	11.75	4	7
474	13697	1457867894	654	1457867896	41.17735755	-8.59007203	186.7	262	11.75	7	7
475	13697	1457867895	684	1457867897	41.17733748	-8.59020828	184.2	262.4	12	4	7
476	13697	1457867897	163	1457867898	41.17731739	-8.59034835	184.2	263.5	12	4	8
477	13697	1457867898	663	1457867900	41.17729538	-8.59063224	183	261.9	12.5	3	6
478	13697	1457867899	675	1457867901	41.1772722	-8.59078341	182.9	261.1	12.75	4	8
479	13697	1457867900	669	1457867902	41.17725662	-8.5909334	182.7	262.8	12.75	4	7
480	13697	1457867901	762	1457867903	41.17724543	-8.59108445	183.6	262.5	13	4	8
481	13697	1457867902	656	1457867904	41.17722769	-8.59123484	183.3	262.4	13.25	3	8
482	13697	1457867903	774	1457867905	41.17720825	-8.59140063	181.8	261.2	13.25	3	8
483	13697	1457867904	658	1457867906	41.17719413	-8.59155795	181.7	261.7	13.25	3	8
484	13697	1457867905	658	1457867907	41.17717821	-8.59171941	180.2	261.6	13.25	3	9
485	13697	1457867906	656	1457867908	41.17713779	-8.59187831	178	261.3	13.25	4	9
486	13697	1457867907	663	1457867909	41.17712534	-8.59203457	177.6	262.3	13.5	3	8
487	13697	1457867909	168	1457867910	41.1771125	-8.59220054	177.9	262.6	13.5	3	9
488	13697	1457867910	649	1457867912	41.1770695	-8.5925235	177.2	262.9	13.5	4	8
489	13697	1457867911	711	1457867913	41.17704917	-8.59268314	176.3	263.2	13.25	4	7
490	13697	1457867912	668	1457867914	41.17704536	-8.59284113	175.4	265.7	12.5	4	7
491	13697	1457867913	688	1457867915	41.17702357	-8.59297587	174.7	257.9	10.75	4	8
492	13697	1457867914	693	1457867916	41.17700344	-8.59310038	174.4	257.9	10.75	5	8
493	13697	1457867915	735	1457867917	41.17700581	-8.59321904	174.2	264.3	9.75	4	4
494	13697	1457867916	656	1457867918	41.1769971	-8.59333548	174.1	264.3	9.75	7	4
495	13697	1457867917	663	1457867919	41.17701275	-8.59343455	174.1	275	9	8		
496	13697	1457867918	714	1457867920	41.17703122	-8.59356644	173.2	277.9	10	7	4
497	13697	1457867919	662	1457867921	41.17702428	-8.59371283	173.5	275.6	10.5	8	7
498	13697	1457867921	175	1457867922	41.17701763	-8.59395602	173.5	271.9	13.25	8	8
499	13697	1457867922	730	1457867924	41.17704779	-8.59432246	174.5	274.8	14.25	6	8
500	13697	1457867923	649	1457867925	41.17704201	-8.59449008	173.9	267.4	14.5	5	8
501	13697	1457867924	711	1457867926	41.17704321	-8.59467712	172.2	260.3	15.5	4	8
502	13697	1457867925	699	1457867927	41.17703997	-8.5948715	172.2	259.2	15.75	4	8
503	13697	1457867926	705	1457867928	41.17701068	-8.59505574	171.8	261.5	15.5	4	7
504	13697	1457867927	651	1457867929	41.17699006	-8.59523912	171.4	261.5	15.5	6	7
505	13697	1457867928	643	1457867930	41.17698092	-8.5954266	171.3	263.1	15.5	5	7
506	13697	1457867930	172	1457867931	41.17699411	-8.59557499	173.3	270.8	14.25	5	9
507	13697	1457867932	227	1457867933	41.17704208	-8.59593684	173.1	283.3	15	4	9
508	13697	1457867934	27	1457867935	41.17713274	-8.59628457	173	289.6	15.5	4	9
509	13697	1457867936	197	1457867937	41.17723513	-8.59664031	173.6	290.2	15.5	4	9
510	13697	1457867937	741	1457867939	41.17733044	-8.5969816	172.4	290.8	15.25	4	9
511	13697	1457867938	710	1457867940	41.17737821	-8.59714828	172.3	291.1	15	4	9
512	13697	1457867939	716	1457867941	41.17742324	-8.59731131	172.2	289.3	14.5	4	9
513	13697	1457867940	652	1457867942	41.17745124	-8.59748037	171.8	286.4	14.75	4	9
514	13697	1457867941	740	1457867943	41.17749978	-8.59763169	171.8	290.2	14.25	4	9
515	13697	1457867943	182	1457867944	41.17755185	-8.59778234	170.6	290.7	13.75	4	9
516	13697	1457867944	765	1457867946	41.17764548	-8.59804597	169.5	289.7	11.75	4	9
517	13697	1457867947	200	1457867948	41.17771034	-8.5982359	168.7	295.2	8.25	4	9
518	13697	1457867949	205	1457867950	41.17777632	-8.59834478	168.1	309.8	5.75	5	9
519	13697	1457867951	194	1457867952	41.1777915	-8.59842309	169	289.5	4	3	9
520	13697	1457867952	709	1457867954	41.17784405	-8.59845265	169.2	348.3	3	4	9
521	13697	1457867954	42	1457867955	41.17786023	-8.59843351	168.8	26.2	3	4	8
522	13697	1457867956	170	1457867957	41.17793091	-8.598397	169.1	22.5	4.25	4	9
523	13697	1457867958	214	1457867959	41.17803704	-8.59835301	168.9	19.3	6.75	4	8
524	13697	1457867959	732	1457867961	41.17817271	-8.59829364	168.9	20.2	7.75	4	9
525	13697	1457867961	261	1457867962	41.1782392	-8.59825835	169.2	18.2	7.75	4	9
526	13697	1457867963	204	1457867964	41.17837452	-8.59819831	168.7	19.6	9	3	9
527	13697	1457867965	198	1457867966	41.17852838	-8.59812486	168.9	19.3	8.5	3	9
528	13697	1457867967	253	1457867968	41.17865132	-8.59804009	169.5	31.9	7.75	4	8
529	13697	1457867968	701	1457867970	41.17868295	-8.59789171	168.3	71.7	7	4	8
530	13697	1457867970	233	1457867971	41.1786667	-8.59778117	168.4	94.1	8.25	4	8
531	13697	1457867972	204	1457867973	41.17865376	-8.5975714	168	95	8.75	4	8
532	13697	1457867974	42	1457867975	41.17863266	-8.59739114	168.5	99.5	7.5	5	8
533	13697	1457867975	729	1457867977	41.17861604	-8.59725087	168.6	95.9	6.5	4	8
534	13697	1457867977	252	1457867978	41.17861074	-8.59716491	168.8	98.3	7.25	4	8
535	13697	1457867978	659	1457867980	41.17859318	-8.59695707	170.2	95	8.75	4	7
536	13697	1457867979	666	1457867981	41.17858494	-8.5968384	170.1	92.9	9.5	4	7
537	13697	1457867980	679	1457867982	41.17857423	-8.59671638	170.4	94.8	10	4	8
538	13697	1457867982	178	1457867983	41.17856252	-8.59659655	170.4	95.5	10	4	8
539	13697	1457867984	203	1457867985	41.17853642	-8.5963675	173	94.5	8.5	4	8
540	13697	1457867985	714	1457867987	41.17849195	-8.59618027	173.9	113.5	8	5	7
541	13697	1457867987	221	1457867988	41.17846362	-8.59609659	174.3	116.4	8	5	7
542	13697	1457867989	233	1457867990	41.17844462	-8.59601181	173.4	111.4	6	6	7
543	13697	1457867991	204	1457867992	41.17840539	-8.59585606	173.3	110.5	7.25	8	7
544	13697	1457867993	212	1457867994	41.17843969	-8.5956461	174	97.2	8.25	7	6
545	13697	1457867994	694	1457867996	41.17845088	-8.59544203	173.9	88.3	8.25	6	7
546	13697	1457867996	228	1457867997	41.1784529	-8.59537903	174.5	85.1	7	6	6
547	13697	1457867998	176	1457867999	41.17846728	-8.59526119	174.9	83.9	5.25	7	7
548	13697	1457868000	199	1457868001	41.17846593	-8.59517981	176.8	100.6	3	6	8
549	13697	1457868002	230	1457868003	41.17846334	-8.59510481	177.4	93.4	2.25	5	8
550	13697	1457868003	684	1457868005	41.17848175	-8.59502893	178.8	95.3	1.75	4	7
551	13697	1457868005	241	1457868006	41.1784868	-8.59500708	179.2	97.1	1	4	7
552	13697	1457868007	181	1457868008	41.17848154	-8.59499804	179			3	5
553	13697	1457868009	201	1457868010	41.178478	-8.59499448	179			3	5
554	13697	1457868010	691	1457868012	41.17847796	-8.59499806	179.3			3	5
555	13697	1457868012	216	1457868013	41.17847811	-8.59499689	179.2			3	5
556	13697	1457868014	69	1457868015	41.17847978	-8.59500129	179.3			3	5
557	13697	1457868016	197	1457868017	41.17848258	-8.59500146	179.3			3	5
