n	Session	gps.seconds.Unix	gps.millis	gps.gpstime	gps.lat	gps.lon	gps.alt	gps.track	gps.speed.M-S	gps.acc	gps.nsats
1	14634	1478956841	572	1478956847	41.23705733	-8.54400231	188.1	205.5	19.75	47	10
2	14634	1478956843	121	1478956848	41.23687282	-8.54408916	185.3	205.4	19.75	43	10
3	14634	1478956845	78	1478956850	41.23652295	-8.54429916	182.5	205.5	18.75	39	10
4	14634	1478956847	101	1478956852	41.23623134	-8.54445287	182.2	202.7	15.75	38	10
5	14634	1478956848	557	1478956854	41.23597506	-8.54456642	182.9	196.5	14.5	36	10
6	14634	1478956850	83	1478956855	41.2358568	-8.54461508	184.4	196.3	14.5	35	10
7	14634	1478956852	82	1478956857	41.23559681	-8.54470208	181.1	194.4	13.75	36	10
8	14634	1478956854	86	1478956859	41.23533146	-8.54475588	183.5	191.6	14.5	39	10
9	14634	1478956855	581	1478956861	41.23502442	-8.54477134	183.3	188.5	15.75	41	10
10	14634	1478956857	103	1478956862	41.23486783	-8.54478404	182	187.3	16.25	37	10
11	14634	1478956859	58	1478956864	41.23451049	-8.54476312	180.4	186.5	17.75	28	9
12	14634	1478956861	70	1478956866	41.23420131	-8.54485419	178.5	190	17.5	26	10
13	14634	1478956863	155	1478956868	41.23389671	-8.54494427	177.8	192.3	17.5	28	9
14	14634	1478956864	552	1478956870	41.2336285	-8.54511274	180.2	195.4	17	28	9
15	14634	1478956866	135	1478956871	41.233499	-8.54515902	178.9	195.8	16.5	27	9
16	14634	1478956867	539	1478956873	41.23323884	-8.54522121	178.4	194	15	24	9
17	14634	1478956868	538	1478956874	41.23313974	-8.54525878	177.5	0	0	24	9
18	14634	1478956869	548	1478956875	41.23305706	-8.5452956	177.7	0	0	25	9
19	14634	1478956870	547	1478956876	41.23299154	-8.54529308	178.2	0	0	25	9
20	14634	1478956871	538	1478956877	41.23293643	-8.54527933	178.7	0	0	27	9
21	14634	1478956872	534	1478956878	41.23297111	-8.54529811	177.8	0	0	28	9
22	14634	1478956873	543	1478956879	41.2329585	-8.54527957	177.9	0	0	29	9
23	14634	1478956874	550	1478956880	41.23293084	-8.54523316	178.1	0	0	32	9
24	14634	1478956875	603	1478956881	41.23293189	-8.54524836	178.3	0	0	34	9
25	14634	1478956876	541	1478956882	41.2329133	-8.54524171	178.8	0	0	35	9
26	14634	1478956877	542	1478956883	41.23296929	-8.54527959	178.6	143.7	1.5	34	9
27	14634	1478956878	523	1478956884	41.23299358	-8.54527878	179.4	138.3	1	35	9
28	14634	1478956879	536	1478956885	41.23298479	-8.54527821	179.6	134.6	1	36	9
29	14634	1478956880	549	1478956886	41.23292721	-8.54520489	178	0	0	17	9
30	14634	1478956881	607	1478956887	41.2329992	-8.54529169	178.6	0	0	14	9
31	14634	1478956882	530	1478956888	41.23300444	-8.54526992	177.5	0	0	11	9
32	14634	1478956883	540	1478956889	41.23299964	-8.54526189	177.3	0	0	9	9
33	14634	1478956884	544	1478956890	41.23299991	-8.54525466	177	0	0	8	9
34	14634	1478956885	540	1478956891	41.23300251	-8.54525582	177	0	0	7	9
35	14634	1478956886	536	1478956892	41.23299936	-8.5452404	178.5	0	0	6	9
36	14634	1478956887	634	1478956893	41.23300586	-8.54524138	177.5	0	0	5	9
37	14634	1478956888	542	1478956894	41.23300815	-8.54525006	177.2	0	0	4	9
38	14634	1478956889	537	1478956895	41.23300903	-8.54525358	177.1	0	0	4	9
39	14634	1478956890	546	1478956896	41.23300865	-8.54525898	178.5	0	0	4	9
40	14634	1478956891	533	1478956897	41.23300626	-8.54526107	177.8	0	0	3	9
41	14634	1478956892	546	1478956898	41.23300443	-8.54526775	176.6	0	0	3	9
42	14634	1478956893	605	1478956899	41.23300491	-8.54526624	176.4	0	0	3	9
43	14634	1478956894	534	1478956900	41.23300625	-8.54526636	176	0	0	9	9
44	14634	1478956895	546	1478956901	41.23300647	-8.54526446	176.3	0	0	9	9
45	14634	1478956896	547	1478956902	41.23300683	-8.54526171	176.6	0	0	9	9
46	14634	1478956897	532	1478956903	41.23300681	-8.54526203	176.5	0	0	9	9
47	14634	1478956898	569	1478956904	41.23300671	-8.54526219	176.5	0	0	9	9
48	14634	1478956899	572	1478956905	41.23300676	-8.5452622	176.5	0	0	9	9
49	14634	1478956900	542	1478956906	41.23300674	-8.5452623	176.5	0	0	9	9
50	14634	1478956901	546	1478956907	41.23300673	-8.54526223	176.5	0	0	9	9
51	14634	1478956902	608	1478956908	41.23300667	-8.54526227	176.5	0	0	9	9
52	14634	1478956903	539	1478956909	41.23300657	-8.54526223	176.5	0	0	9	9
53	14634	1478956904	561	1478956910	41.23300647	-8.54526237	176.5	0	0	9	9
54	14634	1478956905	577	1478956911	41.23300639	-8.54526241	176.5	0	0	9	9
55	14634	1478956907	65	1478956912	41.23300638	-8.54526231	176.5	0	0	9	9
56	14634	1478956909	107	1478956914	41.23300648	-8.54526232	176.5	0	0	9	9
57	14634	1478956910	638	1478956916	41.23300646	-8.54526235	176.5	0	0	9	9
58	14634	1478956911	710	1478956917	41.23300643	-8.54526225	176.5	0	0	9	9
59	14634	1478956914	85	1478956919	41.23300644	-8.54526219	176.5	0	0	9	9
60	14634	1478956916	81	1478956921	41.23300634	-8.54526218	176.4	0	0	9	9
61	14634	1478956918	70	1478956923	41.2330062	-8.54526216	176.4	0	0	9	9
62	14634	1478956919	598	1478956925	41.23300495	-8.54526272	176.4	134.6	0.25	9	9
63	14634	1478956921	120	1478956926	41.23298525	-8.54527253	176.2	202.1	2	9	9
64	14634	1478956923	77	1478956928	41.2329144	-8.54530947	176.2	203.8	4.25	9	9
65	14634	1478956925	79	1478956930	41.23278608	-8.54540019	175.7	208.8	7	9	9
66	14634	1478956927	107	1478956932	41.2326654	-8.54544043	174.3	185.7	6.5	10	10
67	14634	1478956928	576	1478956934	41.23258694	-8.54529612	174.2	120.6	7.5	9	10
68	14634	1478956929	545	1478956935	41.23257399	-8.54517896	174.1	105.3	9	9	10
69	14634	1478956930	536	1478956936	41.23256586	-8.54504625	174.8	98.5	10.25	10	10
70	14634	1478956931	554	1478956937	41.23255531	-8.54492019	175.1	96.8	10.5	10	10
71	14634	1478956932	553	1478956938	41.23254526	-8.54481507	174.9	96.8	9.75	10	10
72	14634	1478956933	649	1478956939	41.23252804	-8.54471319	176.1	105.9	8.5	10	10
73	14634	1478956934	567	1478956940	41.23249604	-8.54462217	175.6	113.4	8.25	10	10
74	14634	1478956936	73	1478956941	41.23244191	-8.54457868	175	132.3	7	10	10
75	14634	1478956937	537	1478956943	41.23229594	-8.54462795	175	199.9	7.5	9	10
76	14634	1478956939	56	1478956944	41.23224476	-8.54469188	175.3	224.2	8	4	10
77	14634	1478956941	165	1478956946	41.23213458	-8.54490274	175.6	237.3	10.5	4	10
78	14634	1478956942	625	1478956948	41.23201139	-8.54515289	175.4	237	12.5	4	10
79	14634	1478956943	703	1478956949	41.2319378	-8.54529447	175.5	237	14	4	10
80	14634	1478956946	105	1478956951	41.2317867	-8.54559111	174.8	236.9	14.5	4	10
81	14634	1478956948	84	1478956953	41.2316422	-8.54588829	174.7	235.8	14	4	10
82	14634	1478956950	139	1478956955	41.23147799	-8.5461529	176.1	229.4	13.75	4	10
83	14634	1478956951	595	1478956957	41.23129752	-8.54638164	174.8	222.9	13.25	4	9
84	14634	1478956953	130	1478956958	41.23120809	-8.54649265	174.3	223.6	13	4	9
85	14634	1478956955	65	1478956960	41.23105507	-8.54669398	174.3	224.9	12.75	5	9
86	14634	1478956957	79	1478956962	41.23092744	-8.54692324	174.1	227.7	12.5	4	9
87	14634	1478956958	665	1478956964	41.23078049	-8.54712792	175.2	227.1	12	5	9
88	14634	1478956959	697	1478956965	41.23069592	-8.54723392	175.5	227	11.75	5	9
89	14634	1478956961	555	1478956967	41.23056333	-8.54743658	175.6	227.7	11.25	4	9
90	14634	1478956962	573	1478956968	41.23047415	-8.54753204	174.7	226.5	11.5	5	10
91	14634	1478956963	570	1478956969	41.23042473	-8.54764846	175	228.5	11	5	10
92	14634	1478956964	537	1478956970	41.23036557	-8.54770881	174.8	226	9.75	5	10
93	14634	1478956965	560	1478956971	41.23033022	-8.54777706	175	227	8.75	5	10
94	14634	1478956966	546	1478956972	41.2302876	-8.5478383	174.5	226.3	7.75	5	10
95	14634	1478956967	552	1478956973	41.23027129	-8.54788999	174.2	227.1	6.25	6	10
96	14634	1478956968	562	1478956974	41.23025058	-8.54790852	174.2	223.1	4.75	6	10
97	14634	1478956969	547	1478956975	41.23024615	-8.54794434	174.1	224.1	3.5	6	10
98	14634	1478956970	580	1478956976	41.23026171	-8.54797993	174	233	2.75	5	10
99	14634	1478956971	546	1478956977	41.23024157	-8.54802462	173.4	228.2	4	4	10
100	14634	1478956972	535	1478956978	41.23021812	-8.54806438	172.8	231.2	5	4	10
101	14634	1478956973	535	1478956979	41.23016918	-8.54812213	173.7	232.2	6.25	5	10
102	14634	1478956974	537	1478956980	41.23012628	-8.54816368	173.4	225.6	5.25	5	10
103	14634	1478956975	559	1478956981	41.23005266	-8.54822324	173.9	213.4	7	5	10
104	14634	1478956976	563	1478956982	41.2299811	-8.54835429	174.6	225.8	9.5	4	10
105	14634	1478956977	535	1478956983	41.22989978	-8.54846767	173.7	227.2	10.75	4	10
106	14634	1478956978	567	1478956984	41.22981719	-8.54857275	174	226	11.25	4	10
107	14634	1478956979	604	1478956985	41.22973414	-8.54866746	174	224.7	11.25	5	10
108	14634	1478956980	535	1478956986	41.22966507	-8.54874886	173.9	223.5	10.75	5	9
109	14634	1478956981	553	1478956987	41.22959692	-8.54882147	174	220.9	9.5	5	10
110	14634	1478956982	541	1478956988	41.22953774	-8.54884389	172.2	202.3	8	3	10
111	14634	1478956983	548	1478956989	41.22945716	-8.54882571	171.3	174.5	8.25	4	9
112	14634	1478956984	544	1478956990	41.22937893	-8.54877235	169.5	150	9.5	4	10
113	14634	1478956985	560	1478956991	41.22930955	-8.54869341	168.2	141.3	11.5	4	10
114	14634	1478956986	544	1478956992	41.22922007	-8.54859318	169	140.8	13.25	4	10
115	14634	1478956987	553	1478956993	41.22912412	-8.54848654	167.9	140.8	14.25	4	10
116	14634	1478956988	538	1478956994	41.22901251	-8.54837246	166.4	142.2	15	4	10
117	14634	1478956989	553	1478956995	41.22889866	-8.54827161	165.6	145.3	15.5	4	9
118	14634	1478956990	553	1478956996	41.22877968	-8.54818902	164.5	151.9	15.25	4	9
119	14634	1478956991	566	1478956997	41.22864708	-8.54814422	165.9	162.4	15.5	4	8
120	14634	1478956992	568	1478956998	41.22850426	-8.54813302	164	174.7	15.75	4	9
121	14634	1478956993	570	1478956999	41.22836255	-8.54811569	163.1	174.7	15.75	5	9
122	14634	1478956994	560	1478957000	41.22820011	-8.54818986	160.5	191.7	17.5	4	9
123	14634	1478956996	79	1478957001	41.2280317	-8.54824129	160.7	192.9	18.5	4	9
124	14634	1478956997	607	1478957003	41.22769393	-8.54835416	160.1	194	19	4	9
125	14634	1478956998	709	1478957004	41.22752205	-8.54840651	159.3	193.4	19.25	4	9
126	14634	1478957001	111	1478957006	41.22718264	-8.54851887	159.7	194	19.75	4	8
127	14634	1478957003	96	1478957008	41.22683658	-8.54862958	158.7	194.3	20.25	3	9
128	14634	1478957004	647	1478957010	41.22647539	-8.54875779	158	193.5	20.75	4	9
129	14634	1478957006	548	1478957012	41.22613563	-8.54886972	157.6	193.4	19.5	4	9
130	14634	1478957008	68	1478957013	41.22597411	-8.54891757	156.8	193.7	18.25	4	9
131	14634	1478957010	69	1478957015	41.22566949	-8.5490127	156.8	192.6	17	4	9
132	14634	1478957012	98	1478957017	41.22540609	-8.54899412	156.9	172.9	14.75	4	8
133	14634	1478957013	623	1478957019	41.2251864	-8.54885895	156.6	154.6	13.75	9	8
134	14634	1478957014	738	1478957020	41.22507798	-8.54879315	155.7	155.5	13.5	9	9
135	14634	1478957017	75	1478957022	41.22484909	-8.54867425	154.8	158.2	13.5	10	9
136	14634	1478957019	111	1478957024	41.22462436	-8.54855635	155.1	156.9	13.5	9	9
137	14634	1478957020	656	1478957026	41.22439948	-8.54840962	152.5	155.8	13.75	9	9
138	14634	1478957021	676	1478957027	41.2242812	-8.54835315	151.2	158.3	14.25	9	9
139	14634	1478957022	627	1478957028	41.22416001	-8.54830087	150.9	159.4	14.25	10	9
140	14634	1478957023	710	1478957029	41.22404392	-8.54824375	150.9	159.7	13.75	10	9
141	14634	1478957026	75	1478957031	41.22384949	-8.54813921	150.3	158.2	11	9	9
142	14634	1478957028	96	1478957033	41.22370161	-8.54804398	149.6	157.5	8.25	10	8
143	14634	1478957029	620	1478957035	41.22364245	-8.5480096	148.9	157	2	9	9
144	14634	1478957030	708	1478957036	41.22363068	-8.54800291	148.2	158.8	1.5	9	9
145	14634	1478957032	564	1478957038	41.22356618	-8.54797274	148.2	159	4.75	9	9
146	14634	1478957033	549	1478957039	41.22352193	-8.54793599	146.8	158.1	5.75	9	9
147	14634	1478957034	540	1478957040	41.22345666	-8.54790013	146.2	159.2	7.5	9	9
148	14634	1478957035	540	1478957041	41.22338493	-8.54786427	146.4	157.6	8.75	9	9
149	14634	1478957036	547	1478957042	41.22331235	-8.54782918	147.1	159.3	8.75	9	9
150	14634	1478957037	540	1478957043	41.22323264	-8.54778591	146.6	159.2	9.25	9	9
151	14634	1478957038	549	1478957044	41.22315356	-8.54773852	145.8	159.5	9.5	9	9
152	14634	1478957039	540	1478957045	41.22306912	-8.54769202	144.6	158.2	10	9	9
153	14634	1478957040	540	1478957046	41.22298243	-8.54764935	144.6	157.9	10.5	9	9
154	14634	1478957041	549	1478957047	41.22288341	-8.5476031	143.8	158.7	11.5	9	9
155	14634	1478957042	541	1478957048	41.22278276	-8.54755084	143.4	158.3	12	9	9
156	14634	1478957043	560	1478957049	41.22267536	-8.54749211	142.8	158.6	12.75	9	9
157	14634	1478957044	566	1478957050	41.22256301	-8.54742986	151.7	158.2	13.5	9	9
158	14634	1478957045	545	1478957051	41.22244528	-8.5473649	148.3	157.5	14	9	9
159	14634	1478957047	75	1478957052	41.22232077	-8.54730015	146.1	158.3	14.25	9	9
160	14634	1478957048	646	1478957054	41.22208633	-8.54717611	143.2	158.3	14	9	9
161	14634	1478957049	713	1478957055	41.22196935	-8.54711769	142.8	158.7	14	9	10
162	14634	1478957052	109	1478957057	41.22174162	-8.54700292	143.3	158.5	13.25	10	10
163	14634	1478957054	69	1478957059	41.22150434	-8.54689376	142.9	160.3	13.75	11	10
164	14634	1478957056	135	1478957061	41.22127907	-8.5467795	143.4	159.1	13.5	10	10
165	14634	1478957057	561	1478957063	41.22104799	-8.54668649	144.3	159.6	12.5	9	10
166	14634	1478957058	558	1478957064	41.22095823	-8.54664355	144	158.8	11.75	9	10
167	14634	1478957059	545	1478957065	41.22085281	-8.54658894	144	158.9	11	9	10
168	14634	1478957061	111	1478957066	41.22076285	-8.54654052	144.5	160.1	10.25	9	10
169	14634	1478957063	92	1478957068	41.2205968	-8.54648146	144.5	164.1	10	9	10
170	14634	1478957064	647	1478957070	41.22041405	-8.54640578	146.2	163.3	11	9	10
171	14634	1478957065	737	1478957071	41.22031642	-8.54636361	145	161	11.5	9	10
172	14634	1478957067	540	1478957073	41.22010318	-8.54624289	145.4	156.9	12.75	10	10
173	14634	1478957068	555	1478957074	41.21999911	-8.54618554	145.6	157.6	12.75	11	10
174	14634	1478957069	578	1478957075	41.21987334	-8.54614542	145.3	160.8	13.25	11	10
175	14634	1478957070	554	1478957076	41.21975426	-8.54609446	145	160.6	13.5	10	10
176	14634	1478957071	570	1478957077	41.2196342	-8.54603848	145.6	160.2	13.5	9	9
177	14634	1478957072	541	1478957078	41.21953026	-8.54598089	145.7	159.9	13	9	9
178	14634	1478957073	549	1478957079	41.21943016	-8.54593184	146.4	160.8	12.5	9	9
179	14634	1478957074	562	1478957080	41.21934155	-8.54587639	145.6	160.7	11.75	9	9
180	14634	1478957075	563	1478957081	41.21924967	-8.54583513	145.5	160.8	11.25	9	9
181	14634	1478957076	545	1478957082	41.21915945	-8.54578482	145.2	159.1	10.75	9	9
182	14634	1478957077	541	1478957083	41.21906742	-8.54574231	145.4	159.6	10.25	9	9
183	14634	1478957078	549	1478957084	41.21898957	-8.54570728	144.9	159.7	9.5	9	9
184	14634	1478957079	544	1478957085	41.21892167	-8.54568231	145	162.5	8.5	9	10
185	14634	1478957080	555	1478957086	41.21885401	-8.54567139	146.5	169	8	9	10
186	14634	1478957081	541	1478957087	41.21877333	-8.54566466	146.5	174.3	8.5	9	11
187	14634	1478957082	542	1478957088	41.21868683	-8.54563634	147.5	167.7	9.25	9	11
188	14634	1478957083	555	1478957089	41.21860436	-8.54558847	146.9	154.7	10.25	10	11
189	14634	1478957084	626	1478957090	41.21850571	-8.54552045	147.2	151.3	12	10	11
190	14634	1478957085	559	1478957091	41.21838958	-8.54543629	147.9	153.1	13.75	9	11
191	14634	1478957086	556	1478957092	41.21827134	-8.54535901	147.7	154.2	14.25	10	11
192	14634	1478957087	645	1478957093	41.21814202	-8.54527652	147.6	153.3	15	10	11
193	14634	1478957088	557	1478957094	41.21802196	-8.54518186	146.9	151	15.25	10	11
194	14634	1478957090	71	1478957095	41.21789334	-8.5450825	148.7	149.2	15.5	9	11
195	14634	1478957092	121	1478957097	41.21766061	-8.54490208	150.7	148	15.25	9	11
196	14634	1478957093	661	1478957099	41.21742076	-8.54469961	152.6	148	15.75	9	11
197	14634	1478957094	718	1478957100	41.21730131	-8.54459516	153.1	147.6	16	10	11
198	14634	1478957097	101	1478957102	41.2170574	-8.54438848	154.3	148.2	15.75	9	11
199	14634	1478957099	95	1478957104	41.21682453	-8.54419876	155.8	148.4	15	9	11
200	14634	1478957100	569	1478957106	41.21661385	-8.54405055	158.8	152.7	12.75	9	11
201	14634	1478957101	553	1478957107	41.21652189	-8.54397397	156.2	151.2	12.25	9	11
202	14634	1478957102	545	1478957108	41.21642717	-8.54391937	157.5	156.6	11.5	9	11
203	14634	1478957132	515	1478957137	41.21334107	-8.54641164	166.9	222.7	13.75	3	9
204	14634	1478957133	548	1478957139	41.2131948	-8.54658365	167.5	221.1	13.5	4	9
205	14634	1478957134	547	1478957140	41.21310234	-8.54668426	168	218.6	13.5	4	8
206	14634	1478957135	562	1478957141	41.21300745	-8.54678225	168	215.6	13.25	4	8
207	14634	1478957136	574	1478957142	41.21290784	-8.5468657	168.5	212	13.25	4	9
208	14634	1478957137	556	1478957143	41.2128062	-8.54693728	168.3	208.1	12.75	3	9
209	14634	1478957138	548	1478957144	41.21270031	-8.5469953	168.8	204.4	12.5	3	10
210	14634	1478957139	547	1478957145	41.21259646	-8.54704898	169.4	201.5	12	3	10
211	14634	1478957140	556	1478957146	41.21249428	-8.54709548	168.8	199	12	3	10
212	14634	1478957141	558	1478957147	41.21239107	-8.54713876	168.6	197.2	11.75	3	10
213	14634	1478957142	617	1478957148	41.21229526	-8.54717626	168.9	196.8	11.75	3	10
214	14634	1478957143	558	1478957149	41.21218437	-8.5472063	169.8	193.2	12.25	4	10
215	14634	1478957144	564	1478957150	41.2120839	-8.5472343	170.5	193.9	11.5	3	10
216	14634	1478957145	549	1478957151	41.21200142	-8.54728582	170.2	201.2	11	3	10
217	14634	1478957146	549	1478957152	41.2119258	-8.54734425	170.9	209.1	9.75	3	10
218	14634	1478957147	564	1478957153	41.21186018	-8.54739279	170.7	210.2	8	3	10
219	14634	1478957149	126	1478957154	41.2117993	-8.54743345	170.6	207.7	7.25	4	10
220	14634	1478957150	604	1478957156	41.21170808	-8.54750506	169.8	213.5	5.75	3	10
221	14634	1478957151	755	1478957157	41.21168068	-8.54755169	169.3	229.9	5.5	4	10
222	14634	1478957154	74	1478957159	41.21169965	-8.54772106	168.4	288.6	8	4	10
223	14634	1478957156	121	1478957161	41.21183549	-8.54789028	168.4	319.9	11	3	10
224	14634	1478957157	627	1478957163	41.21200322	-8.54807423	168.9	319.6	12.25	3	10
225	14634	1478957158	739	1478957164	41.2120926	-8.54818313	169.6	320	13	4	10
226	14634	1478957160	555	1478957166	41.21228466	-8.5484017	170.6	319.5	14.25	4	10
227	14634	1478957161	627	1478957167	41.21238601	-8.54851948	169.4	319.2	14.5	4	10
228	14634	1478957162	559	1478957168	41.21248873	-8.54863199	169.7	319.5	14.75	4	10
229	14634	1478957163	551	1478957169	41.21258708	-8.54875035	169.3	317.8	14.5	4	9
230	14634	1478957164	568	1478957170	41.21268151	-8.54886479	169	316.8	14.5	4	9
231	14634	1478957165	571	1478957171	41.21277404	-8.54898238	168.5	316.7	14	4	9
232	14634	1478957167	136	1478957172	41.21286708	-8.54908598	168.5	317	13.25	4	9
233	14634	1478957168	674	1478957174	41.21300465	-8.5492498	169.9	319.5	9.5	3	8
234	14634	1478957169	718	1478957175	41.21306504	-8.54930763	170.5	326	7.5	3	8
235	14634	1478957171	740	1478957177	41.21317538	-8.54931822	171.3	1.9	5.75	3	10
236	14634	1478957173	557	1478957179	41.21327273	-8.5493833	172.6	318	6	3	10
237	14634	1478957174	568	1478957180	41.21328603	-8.54946316	172.8	283.8	6.5	3	9
238	14634	1478957175	633	1478957181	41.21326271	-8.54954403	173	250.2	7	4	9
239	14634	1478957176	569	1478957182	41.21321554	-8.54960665	173.5	224.9	7.5	4	9
240	14634	1478957177	553	1478957183	41.21316397	-8.54966784	173.4	217.9	8.25	4	9
241	14634	1478957178	615	1478957184	41.21310979	-8.54974691	173.5	226.1	9.25	4	9
242	14634	1478957179	567	1478957185	41.21305243	-8.54984987	173.6	232.4	10.5	4	9
243	14634	1478957180	550	1478957186	41.21299799	-8.54996231	173.7	234.8	11	4	10
244	14634	1478957181	550	1478957187	41.21294162	-8.55008057	173	236.5	11.75	3	11
245	14634	1478957182	631	1478957188	41.21287816	-8.55020599	172.3	236.5	13	4	11
246	14634	1478957183	572	1478957189	41.2128052	-8.55034285	171.9	235.4	13.75	4	11
247	14634	1478957184	551	1478957190	41.21273716	-8.55047943	171.8	235.7	13.75	3	11
248	14634	1478957185	551	1478957191	41.21267447	-8.55061722	171	237.3	13.5	3	11
249	14634	1478957186	623	1478957192	41.21261295	-8.55074767	170	239.1	12.75	4	11
250	14634	1478957187	597	1478957193	41.21255925	-8.55086476	169.8	239.6	11.5	4	11
251	14634	1478957188	555	1478957194	41.21251097	-8.55095924	169.4	238	10	3	11
252	14634	1478957189	621	1478957195	41.21246625	-8.55104766	168.8	235.5	8.75	3	11
253	14634	1478957190	566	1478957196	41.21242057	-8.5511325	168.6	233.2	8.75	4	11
254	14634	1478957191	557	1478957197	41.21237024	-8.55121665	168.9	232.1	9	4	11
255	14634	1478957192	552	1478957198	41.21232422	-8.55130641	169.6	232.7	9.5	4	11
256	14634	1478957193	564	1478957199	41.2122682	-8.55140209	169.4	233.5	10	4	11
257	14634	1478957194	555	1478957200	41.21221538	-8.55150987	169.3	236	10.5	4	11
258	14634	1478957195	562	1478957201	41.21216287	-8.55161703	169.3	237.4	11	4	11
259	14634	1478957196	570	1478957202	41.21211493	-8.55172871	169.4	239	11	3	11
260	14634	1478957197	562	1478957203	41.21206892	-8.55183423	170.1	238.6	10	3	11
261	14634	1478957198	552	1478957204	41.21203276	-8.55191655	170.6	236.7	8.25	3	11
262	14634	1478957199	553	1478957205	41.21200111	-8.55198467	170.3	233.6	6.5	3	11
263	14634	1478957200	570	1478957206	41.21197351	-8.55203396	170	225.7	5.5	3	11
264	14634	1478957201	552	1478957207	41.2119504	-8.55207105	169.8	235.8	4.25	3	11
265	14634	1478957202	552	1478957208	41.21194209	-8.55210613	169.5	239.3	3.25	3	10
266	14634	1478957203	563	1478957209	41.21193034	-8.5521296	169.6	238.3	2.25	3	10
267	14634	1478957204	553	1478957210	41.21192265	-8.55214505	169.2	239.1	1.5	3	10
268	14634	1478957205	568	1478957211	41.2119071	-8.55216742	169	238.4	2.25	3	10
269	14634	1478957206	561	1478957212	41.21189992	-8.55218755	168.7	236.1	2.25	3	10
270	14634	1478957207	578	1478957213	41.21189504	-8.55220107	168.5	237.1	1.5	3	9
271	14634	1478957208	570	1478957214	41.21189565	-8.55220666	168.7	237.1	0.75	3	9
272	14634	1478957209	554	1478957215	41.21188946	-8.55221843	168.7	239.6	1.25	3	9
273	14634	1478957210	562	1478957216	41.21187411	-8.55225176	168.9	239.5	3.25	3	9
274	14634	1478957212	80	1478957217	41.21185413	-8.55229497	169.1	239.6	4	9	9
275	14634	1478957213	584	1478957219	41.21178314	-8.55244696	169.6	239.7	8.25	9	9
276	14634	1478957215	120	1478957220	41.21173125	-8.55256049	170	238.7	10.5	9	10
277	14634	1478957216	672	1478957222	41.21162839	-8.55279467	170.9	237.6	11.5	9	10
278	14634	1478957217	709	1478957223	41.21157242	-8.55290519	170.2	237.8	11.5	9	10
279	14634	1478957218	631	1478957224	41.21151712	-8.55301701	169.6	236.8	11.25	10	10
280	14634	1478957219	576	1478957225	41.21147124	-8.55313168	168.9	239.8	11	9	10
281	14634	1478957220	584	1478957226	41.21142327	-8.55324761	168	241	11	9	10
282	14634	1478957221	561	1478957227	41.21138002	-8.5533464	167.6	238	9.75	9	10
283	14634	1478957222	575	1478957228	41.21133658	-8.55342925	166.9	236.8	8.75	9	10
284	14634	1478957224	80	1478957229	41.2112929	-8.55349769	166.9	229.7	7.5	10	10
285	14634	1478957225	640	1478957231	41.21115707	-8.55349965	166.2	169.8	7.75	9	10
286	14634	1478957226	739	1478957232	41.21108745	-8.55346887	166.2	161.5	8	10	10
287	14634	1478957228	574	1478957234	41.21096134	-8.55337072	166.2	147.6	7.75	10	10
288	14634	1478957229	564	1478957235	41.21092513	-8.55331568	166.3	141	6.25	10	10
289	14634	1478957230	556	1478957236	41.21089718	-8.55327325	166.1	137.7	4.5	10	9
290	14634	1478957231	553	1478957237	41.21089261	-8.55325337	165.8	130.3	2	10	10
291	14634	1478957232	567	1478957238	41.21088868	-8.55324719	165.8	130.3	0.5	10	9
292	14634	1478957233	619	1478957239	41.21088708	-8.55325052	165.8	0	0	10	8
293	14634	1478957234	555	1478957240	41.21089094	-8.55324579	165.8	0	0	10	8
294	14634	1478957235	577	1478957241	41.21088503	-8.55324394	165.9	0	0	9	8
295	14634	1478957236	553	1478957242	41.21088225	-8.55323984	165.8	0	0	9	7
296	14634	1478957237	555	1478957243	41.21088167	-8.5532389	165.7	0	0	9	7
297	14634	1478957238	567	1478957244	41.21088111	-8.55323831	165.7	0	0	9	8
298	14634	1478957239	571	1478957245	41.21087969	-8.55323826	165.7	0	0	9	6
299	14634	1478957240	568	1478957246	41.21087962	-8.55323632	165.7	0	0	10	6
300	14634	1478957241	566	1478957247	41.21087895	-8.55323342	165.7	0	0	10	5
301	14634	1478957242	572	1478957248	41.21087827	-8.55323148	165.6	0	0	10	6
302	14634	1478957243	554	1478957249	41.2108784	-8.55322987	165.6	0	0	10	6
303	14634	1478957244	555	1478957250	41.21087842	-8.55322803	165.6	0	0	10	6
304	14634	1478957245	555	1478957251	41.2108787	-8.55322771	165.6	0	0	11	7
305	14634	1478957246	560	1478957252	41.21087885	-8.55322745	165.6	0	0	11	6
306	14634	1478957247	555	1478957253	41.21087886	-8.55322742	165.6	0	0	11	7
307	14634	1478957248	554	1478957254	41.21087888	-8.55322738	165.6	0	0	11	7
