n	Session	location.seconds.Unix	location.millis	location.gpstime	location.lat	location.lon	location.alt	location.track	location.speed.M-S	location.acc	location.nsats
1	40078	1530032142	992	1530032142	41.23944525	-8.54131341	202	0	0	3	20
2	40078	1530032143	997	1530032143	41.23944321	-8.54131036	201	0	0	3	20
3	40078	1530032145	0	1530032144	41.23943999	-8.54130725	201	0	0	3	20
4	40078	1530032146	2	1530032145	41.23943858	-8.54130679	200	0	0	3	20
5	40078	1530032146	996	1530032146	41.23943581	-8.54130469	200	0	0	3	21
6	40078	1530032147	994	1530032147	41.23943405	-8.54130288	200	0	0	3	21
7	40078	1530032148	994	1530032148	41.23943468	-8.54130041	200	0	0	3	21
8	40078	1530032149	990	1530032149	41.23943274	-8.54129939	201	0	0	3	21
9	40078	1530032150	995	1530032150	41.23943211	-8.54129888	201	0	0	3	21
10	40078	1530032151	999	1530032151	41.23943196	-8.54129626	200	0	0	3	20
11	40078	1530032153	18	1530032152	41.2394319	-8.54129334	200	0	0	3	19
12	40078	1530032154	22	1530032153	41.23943176	-8.54129322	200	0	0	3	16
13	40078	1530032155	10	1530032154	41.23943173	-8.5412932	200	0	0	3	16
14	40078	1530032156	3	1530032155	41.23943173	-8.54129321	200	0	0	3	15
15	40078	1530032157	4	1530032156	41.23943169	-8.54129323	200	0	0	3	15
16	40078	1530032158	5	1530032157	41.23943165	-8.54129324	200	0	0	3	15
17	40078	1530032158	987	1530032158	41.23943165	-8.54129323	200	0	0	3	15
18	40078	1530032159	997	1530032159	41.23943163	-8.54129319	200	0	0	3	16
19	40078	1530032161	2	1530032160	41.23943164	-8.54129323	200	0	0	3	19
20	40078	1530032162	3	1530032161	41.23943163	-8.54129321	200	0	0	3	19
21	40078	1530032163	1	1530032162	41.23943163	-8.54129322	200	0	0	3	19
22	40078	1530032164	0	1530032163	41.23943163	-8.54129321	200	0	0	3	20
23	40078	1530032164	995	1530032164	41.23943162	-8.54129321	200	0	0	3	20
24	40078	1530032165	990	1530032165	41.23943162	-8.5412932	200	0	0	3	20
25	40078	1530032166	986	1530032166	41.2394316	-8.54129321	200	0	0	3	20
26	40078	1530032167	991	1530032167	41.23943161	-8.54129322	200	0	0	3	20
27	40078	1530032168	999	1530032168	41.23943222	-8.54129382	200	0	0	3	21
28	40078	1530032170	0	1530032169	41.2394331	-8.54129421	200	0	0	3	24
29	40078	1530032171	0	1530032170	41.23943382	-8.54129449	200	0	0	3	24
30	40078	1530032172	8	1530032171	41.23943496	-8.54129496	200	0	0	3	23
31	40078	1530032172	991	1530032172	41.23943546	-8.54129517	199	0	0	3	24
32	40078	1530032173	993	1530032173	41.2394364	-8.54129559	199	0	0	3	25
33	40078	1530032175	18	1530032174	41.23943631	-8.54129553	199	0	0	3	22
34	40078	1530032176	2	1530032175	41.23943627	-8.54129547	199	0	0	3	17
35	40078	1530032176	992	1530032176	41.2394362	-8.5412954	199	0	0	3	17
36	40078	1530032178	3	1530032177	41.23943634	-8.5412956	199	0	0	3	15
37	40078	1530032179	9	1530032178	41.23943646	-8.54129572	199	0	0	3	15
38	40078	1530032180	5	1530032179	41.23943648	-8.54129579	199	0	0	3	15
39	40078	1530032180	993	1530032180	41.23943656	-8.54129579	199	0	0	3	16
40	40078	1530032181	993	1530032181	41.2394366	-8.54129573	199	0	0	3	15
41	40078	1530032182	992	1530032182	41.23943661	-8.54129572	199	0	0	3	19
42	40078	1530032183	992	1530032183	41.23943666	-8.54129571	199	0	0	3	16
43	40078	1530032184	993	1530032184	41.23943235	-8.54130452	199	260.2	0.65	3	16
44	40078	1530032185	995	1530032185	41.23943497	-8.54131379	200	260.3	0.84	3	15
45	40078	1530032186	997	1530032186	41.239437	-8.54132374	200	260.2	0.81	3	19
46	40078	1530032187	993	1530032187	41.23943823	-8.54132725	201	260.4	0.47	3	18
47	40078	1530032188	994	1530032188	41.23943995	-8.54133509	201	265.7	0.96	3	17
48	40078	1530032189	996	1530032189	41.23944198	-8.54134021	201	265.7	0.46	3	15
49	40078	1530032190	990	1530032190	41.2394426	-8.54134097	202	0	0	3	15
50	40078	1530032192	2	1530032191	41.23944231	-8.5413435	202	0	0	3	15
51	40078	1530032193	0	1530032192	41.23944142	-8.54134453	202	0	0	3	16
52	40078	1530032194	8	1530032193	41.23944135	-8.54134439	202	0	0	3	16
53	40078	1530032195	10	1530032194	41.23944233	-8.54134478	202	0	0	3	18
54	40078	1530032196	12	1530032195	41.23943824	-8.54134337	202	265.7	0.93	3	16
55	40078	1530032197	10	1530032196	41.23942453	-8.5413415	201	192.5	2.17	3	16
56	40078	1530032197	995	1530032197	41.23940556	-8.54135109	201	216.4	2.54	3	16
57	40078	1530032198	997	1530032198	41.23938468	-8.54137594	201	224.3	3.85	3	13
58	40078	1530032200	16	1530032199	41.23935867	-8.54140461	200	212.8	3.87	3	18
59	40078	1530032201	15	1530032200	41.2393228	-8.54143972	199	213.3	5.3	3	19
60	40078	1530032202	1	1530032201	41.23928165	-8.54147157	199	206.2	5.56	3	16
61	40078	1530032203	17	1530032202	41.23923463	-8.54150376	198	206.4	5.92	3	16
62	40078	1530032204	43	1530032203	41.23918171	-8.54153714	198	205	7.08	3	16
63	40078	1530032205	9	1530032204	41.23911948	-8.54157152	197	205.7	7.4	3	16
64	40078	1530032205	996	1530032205	41.23906416	-8.54161208	196	206.9	7.29	3	16
65	40078	1530032207	6	1530032206	41.23901326	-8.5416524	196	206.9	7.32	3	14
66	40078	1530032208	33	1530032207	41.2389548	-8.54169212	195	208.4	7.32	3	14
67	40078	1530032209	62	1530032208	41.23889168	-8.5417402	195	207.7	7.59	3	12
68	40078	1530032210	74	1530032209	41.23883247	-8.54177931	194	207.1	7.48	3	14
69	40078	1530032211	24	1530032210	41.2387593	-8.54182285	193	206.8	7.75	3	15
70	40078	1530032212	1	1530032211	41.23869907	-8.54185619	193	206.5	6.6	3	17
71	40078	1530032213	5	1530032212	41.23865538	-8.54186994	192	210	4.8	3	12
72	40078	1530032213	999	1530032213	41.23862353	-8.54189616	192	215.4	3.51	3	15
73	40078	1530032215	3	1530032214	41.23861375	-8.54191427	191	220	1.28	3	12
74	40078	1530032216	0	1530032215	41.23860505	-8.54193018	191	223.1	1.66	3	14
75	40078	1530032217	26	1530032216	41.23859391	-8.54195983	190	243.3	3.02	3	17
76	40078	1530032218	29	1530032217	41.23859043	-8.54198998	190	263.8	3.65	3	16
77	40078	1530032219	35	1530032218	41.23859694	-8.54203156	189	281.9	3.89	3	17
78	40078	1530032220	34	1530032219	41.23860561	-8.54208493	190	284.2	4.95	3	17
79	40078	1530032221	22	1530032220	41.2386154	-8.54215273	191	282.3	6.04	3	16
80	40078	1530032222	11	1530032221	41.23862524	-8.54222678	191	283.4	6.76	3	16
81	40078	1530032223	19	1530032222	41.23864509	-8.54229963	191	284.8	6.8	3	14
82	40078	1530032224	23	1530032223	41.23866244	-8.54237726	191	285.9	6.67	3	15
83	40078	1530032225	40	1530032224	41.23867838	-8.5424509	192	287.7	6.39	3	15
84	40078	1530032226	27	1530032225	41.23869621	-8.54251725	191	288.4	5.32	3	14
85	40078	1530032227	21	1530032226	41.23871098	-8.54256525	191	296.3	3.7	3	14
86	40078	1530032228	12	1530032227	41.23872354	-8.54259734	191	300.1	1.8	3	11
87	40078	1530032229	7	1530032228	41.2387276	-8.54260997	191	300.5	0.54	3	16
88	40078	1530032229	995	1530032229	41.23872811	-8.5426177	191	299.8	0.29	3	14
89	40078	1530032231	10	1530032230	41.23873052	-8.54262438	192	296	0.52	3	15
90	40078	1530032232	11	1530032231	41.23873291	-8.54262885	192	293.6	0.29	3	14
91	40078	1530032233	10	1530032232	41.23873404	-8.54263993	192	290.5	0.9	3	17
92	40078	1530032234	5	1530032233	41.23873173	-8.5426621	193	279.6	2.61	3	17
93	40078	1530032235	5	1530032234	41.23871471	-8.54270073	192	250.4	3.87	3	15
94	40078	1530032236	12	1530032235	41.23868181	-8.54273126	192	219.7	4.2	3	15
95	40078	1530032237	4	1530032236	41.23864261	-8.54275037	191	204.5	5.57	3	15
96	40078	1530032238	7	1530032237	41.23858678	-8.5427834	191	204	7.31	3	15
97	40078	1530032239	28	1530032238	41.23851713	-8.54282432	191	207.3	8.58	3	15
98	40078	1530032240	21	1530032239	41.23844498	-8.54286488	191	203	9.04	3	14
99	40078	1530032241	13	1530032240	41.23836013	-8.54291347	190	204.6	9.96	3	14
100	40078	1530032242	7	1530032241	41.23827213	-8.5429726	189	206.1	11.04	3	17
101	40078	1530032243	22	1530032242	41.23817911	-8.54303055	189	205.9	12.08	3	17
102	40078	1530032244	22	1530032243	41.23807828	-8.54310341	188	205.4	13.06	3	16
103	40078	1530032245	9	1530032244	41.23796781	-8.54316182	188	205.5	13.79	3	16
104	40078	1530032246	0	1530032245	41.23785109	-8.54323905	187	205.4	14.02	3	15
105	40078	1530032247	15	1530032246	41.23773658	-8.5433078	186	205.1	14.23	3	15
106	40078	1530032248	26	1530032247	41.23761562	-8.54338501	186	204.9	14.41	3	16
107	40078	1530032249	37	1530032248	41.23749134	-8.54345797	186	204.9	14.6	3	16
108	40078	1530032250	55	1530032249	41.23736808	-8.54353192	184	205.2	14.44	3	15
109	40078	1530032251	56	1530032250	41.23725053	-8.543608	184	205.2	14.17	3	16
110	40078	1530032252	29	1530032251	41.23713845	-8.54368095	183	205.4	13.81	3	17
111	40078	1530032252	996	1530032252	41.2370268	-8.54375112	183	204.7	13.57	3	17
112	40078	1530032254	5	1530032253	41.23692192	-8.54382615	182	204.6	13.46	3	16
113	40078	1530032255	9	1530032254	41.23680935	-8.54389664	182	205	13.69	3	16
114	40078	1530032256	3	1530032255	41.23669715	-8.54396518	181	205.4	13.58	3	17
115	40078	1530032257	13	1530032256	41.23659022	-8.54403058	180	205.3	13.31	3	15
116	40078	1530032258	19	1530032257	41.2364854	-8.54409911	179	204.7	12.59	3	16
117	40078	1530032259	25	1530032258	41.23639349	-8.54414923	178	205	10.51	3	17
118	40078	1530032260	17	1530032259	41.2363235	-8.54420202	177	209.9	8.47	3	16
119	40078	1530032261	21	1530032260	41.2362728	-8.54426103	179	228.8	7.8	3	18
120	40078	1530032262	10	1530032261	41.23624326	-8.54434069	177	248.7	7.31	3	17
121	40078	1530032263	6	1530032262	41.23622482	-8.54442046	176	267.6	6.52	3	16
122	40078	1530032264	18	1530032263	41.23622815	-8.54447532	176	273.8	3.48	3	16
123	40078	1530032265	22	1530032264	41.2362347	-8.5445202	176	276.8	3.68	3	17
124	40078	1530032266	21	1530032265	41.23624422	-8.54458065	176	286.6	4.87	3	18
125	40078	1530032267	16	1530032266	41.23625915	-8.54464921	176	288.5	6.22	3	19
126	40078	1530032268	15	1530032267	41.23627873	-8.54471822	176	285.7	7.23	3	19
127	40078	1530032269	3	1530032268	41.23629137	-8.54480726	175	283.8	7.99	3	17
128	40078	1530032269	994	1530032269	41.23630201	-8.54490886	175	284.5	9.05	3	17
129	40078	1530032271	3	1530032270	41.23632679	-8.54501721	175	285.3	10.05	3	18
130	40078	1530032272	40	1530032271	41.2363556	-8.5451466	175	285.4	11.03	3	16
131	40078	1530032273	25	1530032272	41.23638722	-8.54527182	176	286	11.35	3	16
132	40078	1530032274	9	1530032273	41.23641412	-8.54540554	176	286.1	11.61	3	15
133	40078	1530032275	15	1530032274	41.23644205	-8.54554388	177	285.8	12.04	3	16
134	40078	1530032276	9	1530032275	41.23647187	-8.54568686	178	286.5	12.38	3	17
135	40078	1530032277	11	1530032276	41.2365012	-8.54582574	179	286.9	12.64	3	16
136	40078	1530032278	6	1530032277	41.2365387	-8.54597329	180	288	12.9	3	17
137	40078	1530032279	6	1530032278	41.23657472	-8.54611823	180	288.1	13.17	3	16
138	40078	1530032280	5	1530032279	41.23660908	-8.5462735	180	286.9	13.41	3	15
139	40078	1530032281	9	1530032280	41.23665066	-8.54642496	180	286	13.46	3	17
140	40078	1530032282	4	1530032281	41.23668942	-8.54657829	181	286.2	13.32	3	18
141	40078	1530032283	5	1530032282	41.23672521	-8.54671834	182	287.9	13.09	3	17
142	40078	1530032283	995	1530032283	41.23676845	-8.54686389	182	291.9	13.03	3	16
143	40078	1530032285	22	1530032284	41.23682177	-8.54700362	183	304.1	12.68	3	18
144	40078	1530032286	27	1530032285	41.23690066	-8.54711921	183	319	12.66	3	17
145	40078	1530032287	22	1530032286	41.23699462	-8.54720333	184	331.1	12.65	3	18
146	40078	1530032288	28	1530032287	41.23710764	-8.54724895	185	343.4	13.06	3	18
147	40078	1530032289	23	1530032288	41.23722115	-8.54728445	186	348.2	13.23	3	18
148	40078	1530032290	33	1530032289	41.23734542	-8.54730924	187	349.1	13.19	3	16
149	40078	1530032291	35	1530032290	41.23747314	-8.5473338	187	351.3	14.16	3	18
150	40078	1530032292	27	1530032291	41.23760876	-8.5473558	188	350.9	14.61	3	15
151	40078	1530032293	19	1530032292	41.23774401	-8.54738337	188	350.5	15.42	3	13
152	40078	1530032294	3	1530032293	41.2378836	-8.54741573	189	350.4	15.59	3	16
153	40078	1530032295	12	1530032294	41.23802735	-8.54743754	189	350	15.31	3	15
154	40078	1530032296	23	1530032295	41.23816508	-8.54747134	189	349.8	15.31	3	17
155	40078	1530032297	16	1530032296	41.23830157	-8.54749908	189	350.2	15.31	3	14
156	40078	1530032298	21	1530032297	41.23843777	-8.54753324	191	350.3	15.23	3	18
157	40078	1530032299	6	1530032298	41.23857141	-8.54756478	192	350	14.96	3	17
158	40078	1530032300	9	1530032299	41.23870626	-8.54760692	192	349.6	14.85	3	18
159	40078	1530032301	19	1530032300	41.23883918	-8.54763533	192	350	14.78	3	18
160	40078	1530032302	25	1530032301	41.23896931	-8.54766779	193	350.1	14.79	3	18
161	40078	1530032303	8	1530032302	41.23910407	-8.54769554	193	349.9	14.84	3	19
162	40078	1530032304	12	1530032303	41.23923183	-8.54772868	193	349.4	14.63	3	18
163	40078	1530032305	23	1530032304	41.23936025	-8.54776019	193	350	14.16	3	16
164	40078	1530032306	21	1530032305	41.23948387	-8.54778224	193	350.2	13.83	3	18
165	40078	1530032307	7	1530032306	41.23960782	-8.54781005	193	349.8	13.07	3	15
166	40078	1530032308	0	1530032307	41.23972389	-8.54784025	193	350.6	12.59	3	14
167	40078	1530032309	19	1530032308	41.23983059	-8.54785971	194	350.9	11.59	3	15
168	40078	1530032310	6	1530032309	41.23993447	-8.54787895	194	351.2	11.05	3	12
169	40078	1530032310	990	1530032310	41.24001926	-8.54789815	194	351.2	9.27	3	13
170	40078	1530032312	0	1530032311	41.2400922	-8.54791509	194	351.3	7.62	3	14
171	40078	1530032313	5	1530032312	41.24014592	-8.54792888	195	349.8	5.59	3	17
172	40078	1530032314	4	1530032313	41.24017466	-8.54794839	196	336	3.6	3	16
173	40078	1530032314	997	1530032314	41.24019171	-8.54798378	196	302.8	3.09	3	14
174	40078	1530032316	2	1530032315	41.24018542	-8.54801567	196	249.9	2.98	3	16
175	40078	1530032317	17	1530032316	41.24016297	-8.54804994	195	225.7	2.01	3	16
176	40078	1530032318	30	1530032317	41.24015891	-8.54805407	195	232.4	0.51	3	14
177	40078	1530032319	24	1530032318	41.24015248	-8.54804812	196	237.2	0.46	3	15
178	40078	1530032320	6	1530032319	41.24015679	-8.54803422	196	79.9	1.73	3	17
179	40078	1530032321	6	1530032320	41.24016713	-8.54801964	196	45	1.94	3	15
180	40078	1530032322	30	1530032321	41.24017832	-8.54800976	196	20.1	1.14	3	16
181	40078	1530032323	22	1530032322	41.24017156	-8.54800408	197	152.6	0.84	3	14
182	40078	1530032324	17	1530032323	41.24015474	-8.54799826	197	166.3	3.12	3	12
183	40078	1530032325	18	1530032324	41.24012039	-8.54798156	196	162	4.91	3	15
184	40078	1530032326	15	1530032325	41.24008153	-8.54795626	196	162.3	5.34	3	14
185	40078	1530032327	19	1530032326	41.24002226	-8.54793677	196	168	6.86	3	14
186	40078	1530032328	17	1530032327	41.239954	-8.54791766	196	170.2	8.03	3	15
187	40078	1530032329	9	1530032328	41.23988124	-8.54790286	196	171.8	8.38	3	13
188	40078	1530032330	19	1530032329	41.23980246	-8.54788972	195	170.3	9.3	3	16
189	40078	1530032331	13	1530032330	41.23972158	-8.54785917	195	168.2	10.66	3	14
190	40078	1530032332	8	1530032331	41.23962556	-8.5478296	195	170.3	11.39	3	14
191	40078	1530032333	18	1530032332	41.23951155	-8.54781006	195	170.9	12.47	3	15
192	40078	1530032334	22	1530032333	41.23939559	-8.54778948	195	171.9	12.71	3	16
193	40078	1530032335	31	1530032334	41.23927736	-8.54776909	195	170.9	13.77	3	16
194	40078	1530032336	11	1530032335	41.23915252	-8.54773804	194	170.7	14.52	3	18
195	40078	1530032337	11	1530032336	41.23902924	-8.54771896	195	170.4	14.66	3	18
196	40078	1530032338	17	1530032337	41.23889215	-8.54769026	194	170.1	15.29	3	16
197	40078	1530032339	22	1530032338	41.23875912	-8.54766421	193	169.8	15.76	3	17
198	40078	1530032340	14	1530032339	41.23862078	-8.54763251	192	170.1	15.89	3	17
199	40078	1530032341	0	1530032340	41.23848366	-8.54760335	192	170.4	15.84	3	19
200	40078	1530032342	17	1530032341	41.23834517	-8.5475659	191	170.2	15.78	3	17
201	40078	1530032343	35	1530032342	41.23821276	-8.54754111	189	169.8	15.7	3	17
202	40078	1530032344	15	1530032343	41.23807322	-8.54750523	189	169.7	15.36	3	14
203	40078	1530032345	12	1530032344	41.23793462	-8.54747679	189	170.2	14.97	3	15
204	40078	1530032346	12	1530032345	41.23780448	-8.54744437	187	169.8	14.87	3	14
205	40078	1530032347	19	1530032346	41.23767699	-8.54741582	186	169.7	14.44	3	15
206	40078	1530032348	9	1530032347	41.23754439	-8.54738738	186	170.2	14.17	3	17
207	40078	1530032349	12	1530032348	41.23742061	-8.5473623	185	171.2	13.68	3	16
208	40078	1530032350	18	1530032349	41.23729731	-8.5473406	184	172.2	13.15	3	17
209	40078	1530032351	18	1530032350	41.23718377	-8.54731754	184	170	12.06	3	16
210	40078	1530032351	996	1530032351	41.2370789	-8.54728388	187	162.5	11.19	3	17
211	40078	1530032353	27	1530032352	41.23698806	-8.54723322	184	152.5	10.84	3	17
212	40078	1530032354	41	1530032353	41.23690757	-8.54715453	181	141.6	11.03	3	18
213	40078	1530032354	988	1530032354	41.23683419	-8.54705405	180	131.9	11.53	3	17
214	40078	1530032355	998	1530032355	41.23678461	-8.54692748	178	118.2	12.15	3	17
215	40078	1530032357	21	1530032356	41.23674554	-8.54678851	178	109.7	12.86	3	17
216	40078	1530032358	12	1530032357	41.23671169	-8.54664097	177	108.4	13.48	3	17
217	40078	1530032359	30	1530032358	41.23667553	-8.54648249	176	105.6	14.24	3	16
218	40078	1530032360	33	1530032359	41.236635	-8.54631501	176	105.9	14.86	3	16
219	40078	1530032361	12	1530032360	41.23659954	-8.54614033	176	106.2	15.27	3	13
220	40078	1530032362	9	1530032361	41.23655006	-8.54596004	176	106.3	15.66	3	15
221	40078	1530032363	19	1530032362	41.23650594	-8.54577496	176	106.2	15.73	3	14
222	40078	1530032364	53	1530032363	41.23646505	-8.54559155	175	106.6	15.74	3	14
223	40078	1530032365	18	1530032364	41.23642578	-8.54540513	175	106.4	15.38	3	14
224	40078	1530032366	26	1530032365	41.23637794	-8.54523587	176	106.2	15.06	3	15
225	40078	1530032367	21	1530032366	41.23634248	-8.54506848	176	105.9	14.41	3	15
226	40078	1530032368	18	1530032367	41.23631002	-8.54491377	176	106.6	13.5	3	14
227	40078	1530032369	22	1530032368	41.23627322	-8.54477089	175	106.8	12.12	3	16
228	40078	1530032370	19	1530032369	41.2362578	-8.54463717	176	106.2	10.31	3	14
229	40078	1530032371	19	1530032370	41.23623939	-8.54453149	175	106.9	8.46	3	15
230	40078	1530032372	22	1530032371	41.23621486	-8.54445831	175	110.4	6.4	3	16
231	40078	1530032373	7	1530032372	41.23620024	-8.54440427	175	114	4.09	3	15
232	40078	1530032374	1	1530032373	41.23618848	-8.5443672	175	113.2	2.16	3	14
233	40078	1530032375	19	1530032374	41.2361827	-8.54435521	174	111.8	1.15	3	15
234	40078	1530032376	15	1530032375	41.23617579	-8.54434409	174	110.9	0.73	3	15
235	40078	1530032377	9	1530032376	41.236176	-8.54432528	174	106.2	1.33	3	15
236	40078	1530032378	4	1530032377	41.23617887	-8.54432334	174	0	0	3	14
237	40078	1530032379	7	1530032378	41.23617871	-8.54432511	174	0	0	3	13
238	40078	1530032380	20	1530032379	41.23618204	-8.54432421	174	0	0	3	15
239	40078	1530032381	8	1530032380	41.23617987	-8.54431828	174	93.2	1.26	3	15
240	40078	1530032382	13	1530032381	41.23618483	-8.54429099	175	77.2	3.09	3	18
241	40078	1530032383	3	1530032382	41.23620229	-8.54424653	176	54.4	4.52	3	16
242	40078	1530032383	996	1530032383	41.23623551	-8.54420281	176	36.3	4.58	3	17
243	40078	1530032385	12	1530032384	41.2362755	-8.54417385	176	26.7	5.87	3	16
244	40078	1530032386	17	1530032385	41.23633133	-8.54414987	177	25.1	7.19	3	17
245	40078	1530032387	20	1530032386	41.23640042	-8.54410316	178	25.8	8.66	3	16
246	40078	1530032388	17	1530032387	41.23648008	-8.54405978	179	24.7	9.83	3	16
247	40078	1530032389	12	1530032388	41.23656384	-8.54401138	181	24.4	10.28	3	16
248	40078	1530032390	0	1530032389	41.23664738	-8.54395701	181	24.4	10.32	3	15
249	40078	1530032391	10	1530032390	41.23673718	-8.54390813	182	24.8	10.84	3	15
250	40078	1530032392	25	1530032391	41.23682951	-8.54385285	183	25.4	11.65	3	18
251	40078	1530032393	15	1530032392	41.2369257	-8.54379412	183	25.6	12.44	3	18
252	40078	1530032394	22	1530032393	41.23703258	-8.54372549	184	25	13.22	3	17
253	40078	1530032395	34	1530032394	41.2371443	-8.54365752	184	25.3	13.93	3	17
254	40078	1530032396	31	1530032395	41.23726007	-8.54358204	184	25.2	14.63	3	18
255	40078	1530032397	17	1530032396	41.2373842	-8.54350707	184	24.5	14.99	3	18
256	40078	1530032398	15	1530032397	41.23751138	-8.54342959	185	24.6	15.1	3	16
257	40078	1530032399	27	1530032398	41.23762979	-8.54335266	185	25.2	14.81	3	17
258	40078	1530032400	29	1530032399	41.23774828	-8.54327527	185	25.5	14.1	3	17
259	40078	1530032401	14	1530032400	41.23785413	-8.54320406	186	25.9	12.87	3	18
260	40078	1530032402	16	1530032401	41.2379484	-8.54314553	186	23.3	11.4	3	15
261	40078	1530032403	32	1530032402	41.23803499	-8.54310481	187	17.1	9.1	3	18
262	40078	1530032404	18	1530032403	41.23810491	-8.54309825	187	5.1	6.86	3	15
263	40078	1530032405	23	1530032404	41.23815097	-8.54310344	187	343.4	4.91	3	17
264	40078	1530032406	5	1530032405	41.23818571	-8.5431342	187	329.6	3.94	3	18
265	40078	1530032407	11	1530032406	41.23821186	-8.54316853	187	311.8	4.17	3	18
266	40078	1530032408	18	1530032407	41.2382237	-8.54321774	187	295.6	4.14	3	18
267	40078	1530032409	13	1530032408	41.23821799	-8.54325901	188	242.7	3.56	3	16
268	40078	1530032410	25	1530032409	41.23820172	-8.54327958	187	209.2	2.97	3	17
269	40078	1530032411	21	1530032410	41.23817596	-8.54328264	187	164.9	3.3	3	16
270	40078	1530032411	996	1530032411	41.23815024	-8.54326457	187	140.4	3.44	3	17
271	40078	1530032412	997	1530032412	41.23812434	-8.54323129	186	133.4	3.49	3	17
272	40078	1530032414	30	1530032413	41.23810155	-8.54320942	185	141.5	3.25	3	17
273	40078	1530032415	34	1530032414	41.23808172	-8.5431902	184	149.9	2.17	3	18
274	40078	1530032416	13	1530032415	41.2380687	-8.54317956	184	158.9	1.29	3	18
275	40078	1530032417	8	1530032416	41.23805579	-8.54317242	185	165	1.83	3	18
276	40078	1530032418	11	1530032417	41.23803327	-8.54316971	185	182	3.27	3	18
277	40078	1530032418	997	1530032418	41.23799779	-8.5431819	185	204.7	4.84	3	17
278	40078	1530032419	991	1530032419	41.23794718	-8.54319996	184	205.3	5.71	3	14
279	40078	1530032421	17	1530032420	41.23789958	-8.54323426	183	207.2	6.84	3	16
280	40078	1530032422	24	1530032421	41.23783021	-8.54327415	184	205.7	8.68	3	17
281	40078	1530032423	26	1530032422	41.23774262	-8.54332342	183	204.8	10.67	3	17
282	40078	1530032424	36	1530032423	41.23764807	-8.54338062	183	205.3	11.78	3	16
283	40078	1530032425	25	1530032424	41.23754835	-8.54343987	183	205.3	12.73	3	16
284	40078	1530032426	19	1530032425	41.23743722	-8.54351226	183	205.6	14.27	3	16
285	40078	1530032427	19	1530032426	41.23731444	-8.5435929	182	205.4	15.76	3	16
286	40078	1530032428	9	1530032427	41.23717988	-8.54367886	181	205	16.37	3	16
287	40078	1530032428	999	1530032428	41.23704675	-8.54375625	183	205	16.56	3	16
288	40078	1530032430	16	1530032429	41.23690775	-8.54383774	182	205	16.75	3	16
289	40078	1530032431	17	1530032430	41.23677205	-8.54391878	181	204.8	16.44	3	16
290	40078	1530032432	24	1530032431	41.23664749	-8.54399643	180	204.7	15.54	3	17
291	40078	1530032433	18	1530032432	41.23653126	-8.54407349	179	204.9	13.64	3	16
292	40078	1530032434	3	1530032433	41.23642699	-8.54414241	179	205.3	11.06	3	14
293	40078	1530032435	23	1530032434	41.23635191	-8.54419827	178	210.9	8.83	3	19
294	40078	1530032436	25	1530032435	41.23628221	-8.54426575	177	226.6	8.08	3	17
295	40078	1530032437	10	1530032436	41.23624777	-8.54434994	176	247.1	7.77	3	17
296	40078	1530032437	992	1530032437	41.23623403	-8.54444005	175	263.8	8.4	3	16
297	40078	1530032439	18	1530032438	41.23624329	-8.54454151	176	281.4	9.26	3	16
298	40078	1530032440	7	1530032439	41.23627016	-8.54465404	176	289	10.08	3	18
299	40078	1530032441	2	1530032440	41.2363015	-8.54477166	176	284.9	11.11	3	16
300	40078	1530032441	995	1530032441	41.23632611	-8.54491804	176	284.9	12.3	3	17
301	40078	1530032443	12	1530032442	41.23635884	-8.5450768	175	284.5	13.52	3	17
302	40078	1530032444	14	1530032443	41.23639666	-8.54523141	175	284.7	14.58	3	15
303	40078	1530032445	5	1530032444	41.2364264	-8.54540652	175	285.8	15.51	3	15
304	40078	1530032446	7	1530032445	41.23646526	-8.54560472	176	287	16.65	3	17
305	40078	1530032447	2	1530032446	41.23651196	-8.54578162	176	287.8	16.99	3	17
306	40078	1530032448	15	1530032447	41.23656327	-8.5459777	177	288.3	17.01	3	17
307	40078	1530032449	13	1530032448	41.23661153	-8.54616132	177	287.5	16.58	3	15
308	40078	1530032450	11	1530032449	41.23664775	-8.54634771	179	286.7	16.29	3	16
309	40078	1530032450	999	1530032450	41.23669261	-8.54653144	179	286.2	15.72	3	16
310	40078	1530032451	993	1530032451	41.23673289	-8.54670378	180	287.6	15	3	16
311	40078	1530032453	2	1530032452	41.23678099	-8.54686237	181	292.4	13.71	3	17
312	40078	1530032454	4	1530032453	41.23683799	-8.5470044	182	303.6	13.24	3	18
313	40078	1530032455	12	1530032454	41.2369156	-8.54712352	182	317	13.01	3	18
314	40078	1530032456	42	1530032455	41.23702029	-8.54721199	183	331	13.42	3	18
315	40078	1530032457	32	1530032456	41.23714	-8.54727015	184	341.5	13.95	3	16
316	40078	1530032457	994	1530032457	41.23727074	-8.5473073	185	348.9	14.69	3	18
317	40078	1530032459	3	1530032458	41.23740879	-8.5473388	185	350.6	15.18	3	14
318	40078	1530032460	11	1530032459	41.23754715	-8.54735446	187	351.6	16.03	3	16
319	40078	1530032461	16	1530032460	41.23769877	-8.54738841	187	351	17.21	3	14
320	40078	1530032462	22	1530032461	41.23785374	-8.54741975	188	350.4	17.68	3	16
321	40078	1530032463	6	1530032462	41.23802101	-8.54743949	189	350.8	17.44	3	17
322	40078	1530032464	7	1530032463	41.23817119	-8.54747614	190	350.6	17.52	3	15
323	40078	1530032465	28	1530032464	41.23833124	-8.54751102	190	350.4	17.69	3	15
324	40078	1530032466	24	1530032465	41.23849056	-8.54754557	191	349.8	17.86	3	17
325	40078	1530032467	20	1530032466	41.23864457	-8.54758343	191	349.7	17.64	3	18
326	40078	1530032468	24	1530032467	41.23879789	-8.54761637	192	350.1	17.03	3	17
327	40078	1530032469	9	1530032468	41.23894763	-8.54765159	193	350.2	15.98	3	17
328	40078	1530032469	987	1530032469	41.23907786	-8.54768755	193	350	13.95	3	18
329	40078	1530032470	997	1530032470	41.23918503	-8.54771551	194	350.1	11.6	3	18
330	40078	1530032472	21	1530032471	41.2392736	-8.54773576	193	350.5	9.06	3	18
331	40078	1530032473	24	1530032472	41.23934117	-8.54774789	193	350	7.51	3	15
332	40078	1530032474	5	1530032473	41.23939422	-8.54777274	193	342.2	6.41	3	18
333	40078	1530032475	10	1530032474	41.23944217	-8.54779328	193	340.1	5.64	3	17
334	40078	1530032476	4	1530032475	41.23947932	-8.54782046	192	340.3	4.95	3	16
335	40078	1530032477	7	1530032476	41.23952264	-8.54784138	192	340.6	4.95	3	17
336	40078	1530032478	13	1530032477	41.2395625	-8.54785999	193	350.7	4.76	3	17
337	40078	1530032479	13	1530032478	41.23961571	-8.54785894	193	1.4	5.31	3	16
338	40078	1530032480	33	1530032479	41.23966736	-8.54786229	194	3	6.01	3	12
339	40078	1530032481	21	1530032480	41.23974163	-8.54786824	194	355.1	8.14	3	13
340	40078	1530032481	998	1530032481	41.23982042	-8.54788185	195	354	9.45	3	16
341	40078	1530032483	10	1530032482	41.23992324	-8.54790006	196	353.6	11.98	3	13
342	40078	1530032484	31	1530032483	41.24003561	-8.54791397	197	351.9	12.92	3	13
343	40078	1530032485	25	1530032484	41.24015247	-8.54793993	198	351.2	12.84	3	16
344	40078	1530032486	1	1530032485	41.24026551	-8.54796844	199	350.6	13.36	3	14
345	40078	1530032487	5	1530032486	41.2403829	-8.54799144	199	350.3	13.57	3	15
346	40078	1530032487	998	1530032487	41.24050437	-8.54801765	199	351.3	13.74	3	17
347	40078	1530032489	2	1530032488	41.24063353	-8.54802933	199	356	14.25	3	13
348	40078	1530032490	7	1530032489	41.24076158	-8.5480184	200	4.7	13.73	3	17
349	40078	1530032491	32	1530032490	41.24088535	-8.54799852	200	10.8	14.12	3	13
350	40078	1530032492	27	1530032491	41.24101126	-8.54795764	200	12.8	13.68	3	15
351	40078	1530032493	18	1530032492	41.24113318	-8.54792684	200	12.3	13.16	3	17
352	40078	1530032494	17	1530032493	41.24124521	-8.54789753	199	10.4	12.69	3	16
353	40078	1530032495	33	1530032494	41.24136212	-8.54788307	201	2.5	11.88	3	17
354	40078	1530032496	28	1530032495	41.24146866	-8.54788956	200	357.9	11.33	3	13
355	40078	1530032497	16	1530032496	41.24156152	-8.54790615	198	355	10.05	3	14
356	40078	1530032498	16	1530032497	41.24163981	-8.54792092	198	354	8.54	3	15
357	40078	1530032499	18	1530032498	41.2417101	-8.54793692	196	352	7.63	3	16
358	40078	1530032500	32	1530032499	41.24177863	-8.54795836	195	350.7	7.74	3	18
359	40078	1530032501	19	1530032500	41.24185265	-8.54797796	195	346.8	8.62	3	14
360	40078	1530032502	18	1530032501	41.24192952	-8.5480092	194	340.4	9.65	3	16
361	40078	1530032502	993	1530032502	41.24201069	-8.54804991	194	337.3	9.63	3	16
362	40078	1530032504	18	1530032503	41.24210503	-8.54810874	193	336.3	11.28	3	12
363	40078	1530032505	11	1530032504	41.2422	-8.54816313	192	336.4	11.91	3	14
364	40078	1530032505	994	1530032505	41.24229728	-8.54821774	190	337.6	12.32	3	11
365	40078	1530032506	992	1530032506	41.24240323	-8.54826968	183	340.1	12.78	3	14
366	40078	1530032508	39	1530032507	41.24251231	-8.54831001	184	342	12.82	3	15
367	40078	1530032509	54	1530032508	41.24261979	-8.54835859	185	340.5	12.91	3	16
368	40078	1530032510	58	1530032509	41.24273412	-8.54841429	184	337.5	13.54	3	14
369	40078	1530032511	40	1530032510	41.24284935	-8.54849289	183	335.1	13.87	3	15
370	40078	1530032512	6	1530032511	41.24296064	-8.54856323	181	334.1	13.82	3	16
371	40078	1530032513	12	1530032512	41.24308481	-8.54864254	179	331.1	14.17	3	16
372	40078	1530032514	9	1530032513	41.24319233	-8.54872035	178	329.4	14.33	3	16
373	40078	1530032515	7	1530032514	41.24329689	-8.54879901	179	330.2	14.73	3	16
374	40078	1530032516	3	1530032515	41.24341074	-8.54888451	178	329.3	14.58	3	16
375	40078	1530032517	2	1530032516	41.24351575	-8.54897682	177	326.9	14.26	3	17
376	40078	1530032518	6	1530032517	41.24362013	-8.54907878	177	326.2	14.08	3	15
377	40078	1530032519	4	1530032518	41.24371364	-8.5491768	177	325.4	13.51	3	14
378	40078	1530032520	11	1530032519	41.24381098	-8.54925382	177	330.4	13.02	3	15
379	40078	1530032521	9	1530032520	41.24391264	-8.54932407	176	333.9	12.55	3	14
380	40078	1530032522	14	1530032521	41.24401228	-8.54939406	174	331.1	11.76	3	16
381	40078	1530032523	25	1530032522	41.2440956	-8.54947358	174	322.1	11.18	3	18
382	40078	1530032524	26	1530032523	41.24417053	-8.54957003	174	313.1	11.52	3	16
383	40078	1530032525	9	1530032524	41.24422568	-8.54968277	173	304.1	11.95	3	16
384	40078	1530032526	7	1530032525	41.24428096	-8.5498051	172	300.5	12.18	3	14
385	40078	1530032527	3	1530032526	41.24433186	-8.54993693	172	297.7	12.53	3	13
386	40078	1530032528	3	1530032527	41.24438238	-8.55007373	172	295.6	12.59	3	12
387	40078	1530032528	989	1530032528	41.24443078	-8.55020963	171	294.8	12.59	3	12
388	40078	1530032530	16	1530032529	41.24447357	-8.55032254	171	295.7	10.32	3	15
389	40078	1530032531	18	1530032530	41.24449151	-8.55038489	171	296.7	2.68	3	16
390	40078	1530032532	22	1530032531	41.24450191	-8.55041145	171	295.2	1.24	3	15
391	40078	1530032533	26	1530032532	41.24450341	-8.55042132	170	0	0	3	15
392	40078	1530032534	6	1530032533	41.24450303	-8.5504249	171	0	0	3	14
393	40078	1530032535	8	1530032534	41.24450368	-8.5504284	171	0	0	3	14
394	40078	1530032536	14	1530032535	41.24450232	-8.55043099	172	0	0	3	14
395	40078	1530032537	6	1530032536	41.24450296	-8.55043364	172	0	0	3	14
396	40078	1530032538	2	1530032537	41.24450755	-8.55042528	172	294.8	0.68	3	13
397	40078	1530032539	5	1530032538	41.24451756	-8.55044107	172	293.8	2.36	3	15
398	40078	1530032540	15	1530032539	41.24452449	-8.55046591	172	292.3	3.31	3	14
399	40078	1530032541	13	1530032540	41.24453236	-8.55051069	172	290.4	4.06	3	15
400	40078	1530032542	7	1530032541	41.24454368	-8.55057075	172	290.1	4.89	3	15
401	40078	1530032543	25	1530032542	41.24456466	-8.55061946	171	293.7	5.79	3	16
402	40078	1530032544	5	1530032543	41.24458756	-8.55068558	170	296.7	5.88	3	15
403	40078	1530032545	8	1530032544	41.24460587	-8.55073951	170	295.2	5.5	3	16
404	40078	1530032546	15	1530032545	41.24462269	-8.55078887	170	295.2	4.33	3	16
405	40078	1530032547	47	1530032546	41.24463495	-8.55083718	169	298	4.45	3	18
406	40078	1530032548	66	1530032547	41.24465458	-8.55089141	169	300.8	5.37	3	16
407	40078	1530032549	72	1530032548	41.24469218	-8.55094772	170	316.8	6.52	3	15
408	40078	1530032550	33	1530032549	41.24473977	-8.55101028	169	322.3	7.34	3	16
409	40078	1530032551	4	1530032550	41.24479073	-8.5510689	169	325.3	7.53	3	16
410	40078	1530032551	991	1530032551	41.24484717	-8.55111629	169	327.8	6.56	3	15
411	40078	1530032552	995	1530032552	41.24488049	-8.55116286	168	306.4	5.47	3	17
412	40078	1530032554	21	1530032553	41.244892	-8.5512213	168	276.2	5.37	3	17
413	40078	1530032555	25	1530032554	41.24488076	-8.55128814	169	252.1	5.87	3	15
414	40078	1530032556	9	1530032555	41.2448552	-8.55134851	168	232.9	6.69	3	18
415	40078	1530032557	15	1530032556	41.24481134	-8.55141442	168	229.2	7.55	3	16
416	40078	1530032558	12	1530032557	41.244767	-8.55149212	167	234.2	8.43	3	16
417	40078	1530032559	20	1530032558	41.24472375	-8.55157925	167	238.8	8.73	3	13
418	40078	1530032559	994	1530032559	41.24468768	-8.55166977	167	247.5	8.59	3	13
419	40078	1530032560	994	1530032560	41.24466208	-8.55177825	167	251.7	8.33	3	13
420	40078	1530032562	3	1530032561	41.24464028	-8.55185723	169	247.6	7.11	3	10
421	40078	1530032562	990	1530032562	41.24461434	-8.55193572	169	245.6	7.15	3	10
422	40078	1530032564	17	1530032563	41.24459561	-8.55197997	168	243.9	4.89	3	16
423	40078	1530032565	22	1530032564	41.244569	-8.55203047	168	243.6	5.92	3	16
424	40078	1530032566	2	1530032565	41.24454067	-8.55210629	167	244.3	6.96	3	16
425	40078	1530032567	15	1530032566	41.24451338	-8.55219139	167	253.6	7.47	3	16
426	40078	1530032568	19	1530032567	41.24450076	-8.55227508	167	266.9	8.04	3	17
427	40078	1530032569	5	1530032568	41.24449623	-8.55238295	167	271.4	9.03	3	16
428	40078	1530032570	9	1530032569	41.24449721	-8.55249826	165	267.9	9.65	3	18
429	40078	1530032571	19	1530032570	41.24449134	-8.5526115	165	257.7	9.92	3	15
430	40078	1530032572	18	1530032571	41.24446842	-8.55272777	164	247.3	10.37	3	16
431	40078	1530032573	2	1530032572	41.24442566	-8.55283101	163	236.2	10.81	3	15
432	40078	1530032573	996	1530032573	41.2443707	-8.55294809	163	234.3	11.19	3	17
433	40078	1530032575	12	1530032574	41.24431274	-8.55306926	161	241.1	11.62	3	18
434	40078	1530032576	10	1530032575	41.24426979	-8.55320032	160	250.6	12.05	3	17
435	40078	1530032576	997	1530032576	41.24423631	-8.55334862	164	255.4	12.52	3	17
436	40078	1530032577	999	1530032577	41.24421245	-8.55349875	161	258	12.81	3	16
437	40078	1530032579	8	1530032578	41.24418949	-8.55363849	160	258.5	12.1	3	15
438	40078	1530032579	995	1530032579	41.24416962	-8.5537646	159	258.1	10.95	3	18
439	40078	1530032580	996	1530032580	41.24415821	-8.55388324	158	263.6	9.4	3	17
440	40078	1530032582	33	1530032581	41.24415457	-8.55398491	158	268.6	8.9	3	17
441	40078	1530032583	46	1530032582	41.24417726	-8.55409391	157	290.5	9	3	17
442	40078	1530032584	17	1530032583	41.24421826	-8.55418392	156	295.9	9.18	3	16
443	40078	1530032584	999	1530032584	41.24424994	-8.55429339	157	288.5	9.53	3	18
444	40078	1530032586	3	1530032585	41.24426476	-8.55439678	157	270.2	9.43	3	16
445	40078	1530032587	6	1530032586	41.24424923	-8.55451043	157	254.1	9.71	3	15
446	40078	1530032588	6	1530032587	41.24420243	-8.55461203	157	232.8	10.22	3	17
447	40078	1530032589	2	1530032588	41.24413875	-8.55470447	158	220.3	10.56	3	16
448	40078	1530032590	22	1530032589	41.24406641	-8.55477078	157	219.6	10.87	3	17
449	40078	1530032591	14	1530032590	41.24400355	-8.55487332	157	233.2	11.03	3	16
450	40078	1530032592	7	1530032591	41.24395727	-8.55499849	157	248.6	11.74	3	16
451	40078	1530032593	14	1530032592	41.24391775	-8.55514121	156	256.5	12.86	3	18
452	40078	1530032594	27	1530032593	41.2438858	-8.55529869	156	256.3	14.39	3	17
453	40078	1530032595	31	1530032594	41.24385528	-8.55546939	156	256.5	15.74	3	16
454	40078	1530032596	15	1530032595	41.24382434	-8.55565863	156	256.6	16.89	3	13
455	40078	1530032597	8	1530032596	41.24378852	-8.55586603	158	257.1	17.88	3	15
456	40078	1530032598	20	1530032597	41.2437526	-8.55607879	158	257.3	18.68	3	15
457	40078	1530032599	17	1530032598	41.24371119	-8.55630412	160	257.2	19.63	3	15
458	40078	1530032599	994	1530032599	41.243676	-8.55652859	159	257.2	19.46	3	14
459	40078	1530032601	6	1530032600	41.24363748	-8.55675105	159	257.1	20.03	3	15
460	40078	1530032602	2	1530032601	41.24358886	-8.55699168	159	256.9	20.84	3	17
461	40078	1530032603	4	1530032602	41.24354288	-8.55724891	159	256.8	21.94	3	14
462	40078	1530032604	27	1530032603	41.24349569	-8.5575069	158	257	22.36	3	16
463	40078	1530032605	22	1530032604	41.24344734	-8.55777275	157	257	22.59	3	16
464	40078	1530032606	35	1530032605	41.24340291	-8.55803762	156	257.3	22.51	3	17
465	40078	1530032607	18	1530032606	41.24336225	-8.55830096	156	257.2	22.51	3	16
466	40078	1530032608	19	1530032607	41.24331395	-8.55856815	155	257	22.6	3	16
467	40078	1530032609	31	1530032608	41.24326757	-8.55882719	153	257.1	22.69	3	15
468	40078	1530032610	5	1530032609	41.24321743	-8.55909098	152	257	22.52	3	14
469	40078	1530032611	3	1530032610	41.24317795	-8.55934982	152	257.2	22.49	3	15
470	40078	1530032612	18	1530032611	41.2431325	-8.5596112	153	257	22.3	3	14
471	40078	1530032613	22	1530032612	41.24308468	-8.55987259	154	257	22.21	3	15
472	40078	1530032614	3	1530032613	41.2430389	-8.56013175	154	257.1	22.13	3	14
473	40078	1530032615	8	1530032614	41.24299736	-8.5603974	155	257.4	21.96	3	15
474	40078	1530032616	1	1530032615	41.24295672	-8.56065318	156	257.4	21.54	3	14
475	40078	1530032617	11	1530032616	41.24291433	-8.56090045	158	257.5	20.62	3	14
476	40078	1530032618	10	1530032617	41.24287387	-8.56113002	158	257.2	19.61	3	14
477	40078	1530032619	2	1530032618	41.24283106	-8.56135128	160	257.1	18.2	3	14
478	40078	1530032620	20	1530032619	41.24279848	-8.56155332	160	257	16.5	3	15
479	40078	1530032621	18	1530032620	41.24276516	-8.56173288	162	256.4	14.27	3	14
480	40078	1530032622	9	1530032621	41.24273433	-8.5618888	163	257.6	12.82	3	15
481	40078	1530032623	3	1530032622	41.24271988	-8.56201753	163	262.3	10.99	3	16
482	40078	1530032624	7	1530032623	41.24272191	-8.56214201	163	275.6	10.17	3	16
483	40078	1530032625	16	1530032624	41.24274732	-8.56226314	162	288.3	10.11	3	15
484	40078	1530032626	21	1530032625	41.24278573	-8.56236438	161	299.4	9.92	3	17
485	40078	1530032627	21	1530032626	41.24282049	-8.56246557	161	292.8	9.77	3	17
486	40078	1530032628	20	1530032627	41.24283949	-8.56257632	161	277.1	9.67	3	18
487	40078	1530032629	32	1530032628	41.24282764	-8.56269231	161	255.6	9.54	3	17
488	40078	1530032630	20	1530032629	41.24278936	-8.5627901	161	234	9.59	3	15
489	40078	1530032631	13	1530032630	41.2427274	-8.56286624	162	213.7	9.84	3	15
490	40078	1530032631	999	1530032631	41.24264788	-8.56289832	161	193.5	10.07	3	12
491	40078	1530032633	6	1530032632	41.24255763	-8.56289779	161	173.7	10.16	3	16
492	40078	1530032634	19	1530032633	41.2424673	-8.56285605	161	153.4	10.37	3	17
493	40078	1530032635	14	1530032634	41.2423917	-8.56277855	161	135.8	10.6	3	16
494	40078	1530032636	22	1530032635	41.24233778	-8.56268123	162	126.2	11.05	3	16
495	40078	1530032637	20	1530032636	41.24227644	-8.56257831	162	134.9	11.2	3	17
496	40078	1530032638	25	1530032637	41.24220806	-8.56248229	162	141.3	11.15	3	17
497	40078	1530032639	15	1530032638	41.24212151	-8.56241189	162	156.5	11.41	3	17
498	40078	1530032640	19	1530032639	41.24202508	-8.56236903	160	164.9	12.06	3	17
499	40078	1530032641	41	1530032640	41.24191452	-8.56233385	162	171	12.68	3	17
500	40078	1530032642	18	1530032641	41.24180185	-8.56230346	162	168.2	13.48	3	18
501	40078	1530032642	995	1530032642	41.2416798	-8.5622753	163	170.9	14.12	3	17
502	40078	1530032644	5	1530032643	41.24154801	-8.56225684	164	174.1	14.87	3	17
503	40078	1530032645	16	1530032644	41.24141636	-8.56224819	165	178.4	15.54	3	14
504	40078	1530032646	21	1530032645	41.2412723	-8.5622409	166	178.9	16.07	3	17
505	40078	1530032647	8	1530032646	41.24112463	-8.56223555	167	179	16.33	3	17
506	40078	1530032647	997	1530032647	41.24097838	-8.56223245	167	178.6	16.15	3	18
507	40078	1530032649	18	1530032648	41.24083746	-8.56222757	168	178.6	15.8	3	18
508	40078	1530032650	27	1530032649	41.24069934	-8.56221766	168	178.9	15.42	3	18
509	40078	1530032650	994	1530032650	41.24056373	-8.56221752	169	182.1	15.06	3	18
510	40078	1530032651	997	1530032651	41.24042867	-8.56223405	169	189.2	14.8	3	16
511	40078	1530032653	10	1530032652	41.24029412	-8.5622796	170	197.3	15.03	3	14
512	40078	1530032654	16	1530032653	41.24017042	-8.56235267	169	205.5	14.78	3	15
513	40078	1530032655	1	1530032654	41.24005717	-8.56244327	169	211.5	14.79	3	15
514	40078	1530032655	999	1530032655	41.23995087	-8.56255681	169	221.6	14.82	3	13
515	40078	1530032657	6	1530032656	41.23986156	-8.56267571	169	227.3	15.07	3	16
516	40078	1530032658	21	1530032657	41.23977439	-8.56281783	168	231.3	15.4	3	15
517	40078	1530032658	993	1530032658	41.23968896	-8.5629662	168	234.2	15.56	3	16
518	40078	1530032660	17	1530032659	41.23960608	-8.56312901	167	236.2	15.93	3	15
519	40078	1530032661	15	1530032660	41.23952756	-8.5632882	167	238.1	15.97	3	14
520	40078	1530032661	989	1530032661	41.23946165	-8.56345479	167	244.1	15.81	3	14
521	40078	1530032663	42	1530032662	41.23940012	-8.56366412	167	248.4	17.59	3	15
522	40078	1530032664	42	1530032663	41.23935186	-8.56387884	167	251.6	19.16	3	15
523	40078	1530032664	978	1530032664	41.23929743	-8.56409586	166	251.8	19.16	4	15
524	40078	1530032665	973	1530032665	41.23924727	-8.56430763	166	251.2	19.16	5	5
525	40078	1530032666	996	1530032666	41.23919467	-8.56451911	166	250.6	19.03	5	5
526	40078	1530032668	3	1530032667	41.23913722	-8.56474468	167	250.3	18.93	5	16
527	40078	1530032669	6	1530032668	41.2390771	-8.56495058	167	249.6	18.64	3	18
528	40078	1530032670	28	1530032669	41.23902445	-8.56513882	165	248	16.25	3	19
529	40078	1530032671	19	1530032670	41.23898012	-8.56528663	163	247.5	13.98	3	18
530	40078	1530032672	21	1530032671	41.23893611	-8.56542784	163	247.7	11.62	3	15
531	40078	1530032673	21	1530032672	41.23890463	-8.56554494	161	248.4	8.59	3	17
532	40078	1530032674	18	1530032673	41.23888869	-8.56562067	162	247.9	5.24	3	17
533	40078	1530032675	26	1530032674	41.2388763	-8.56566497	161	245.7	2.19	3	19
534	40078	1530032676	25	1530032675	41.23887185	-8.56567373	161	244.6	0.37	3	19
535	40078	1530032677	21	1530032676	41.23887183	-8.56567036	161	0	0	3	19
536	40078	1530032678	19	1530032677	41.23887233	-8.56566312	162	0	0	3	19
537	40078	1530032679	19	1530032678	41.23887215	-8.56566639	162	0	0	3	19
538	40078	1530032679	990	1530032679	41.23887097	-8.56566695	162	0	0	3	19
539	40078	1530032680	997	1530032680	41.23887109	-8.56566739	162	0	0	3	18
540	40078	1530032682	21	1530032681	41.23887225	-8.56566863	161	0	0	3	18
541	40078	1530032683	25	1530032682	41.23887419	-8.56567555	161	0	0	3	19
542	40078	1530032684	8	1530032683	41.23887191	-8.56567635	161	0	0	3	19
543	40078	1530032685	8	1530032684	41.23887356	-8.56568126	161	0	0	3	19
544	40078	1530032686	22	1530032685	41.23887285	-8.56568187	161	0	0	3	19
545	40078	1530032687	13	1530032686	41.23886326	-8.56568903	160	208.3	1.55	3	19
546	40078	1530032688	32	1530032687	41.23884353	-8.56568427	160	177.4	2.48	3	19
547	40078	1530032689	30	1530032688	41.238817	-8.56568018	160	149.4	2.47	3	19
548	40078	1530032690	3	1530032689	41.23880475	-8.56566053	160	147.2	1.55	3	17
549	40078	1530032691	10	1530032690	41.23880161	-8.56565333	161	0	0	3	18
550	40078	1530032692	42	1530032691	41.23880032	-8.56565787	161	0	0	3	18
551	40078	1530032693	35	1530032692	41.23881684	-8.56565904	161	134.6	1.65	3	15
552	40078	1530032694	2	1530032693	41.23882726	-8.56566832	161	119.3	1.03	3	18
553	40078	1530032695	15	1530032694	41.23883099	-8.56567112	161	0	0	3	16
554	40078	1530032696	14	1530032695	41.23883094	-8.56565401	162	98.6	2.61	3	16
555	40078	1530032697	21	1530032696	41.23883516	-8.5656131	162	74.7	4.07	3	18
556	40078	1530032698	27	1530032697	41.23884925	-8.5655634	162	62.9	4.59	3	14
557	40078	1530032699	17	1530032698	41.23887333	-8.56550081	163	57.4	5.96	3	16
558	40078	1530032700	18	1530032699	41.23890308	-8.56544518	162	57	6.03	3	17
559	40078	1530032701	33	1530032700	41.23893771	-8.56535759	163	60.5	8.83	3	16
560	40078	1530032702	29	1530032701	41.23897512	-8.56525432	163	64.5	10.21	3	17
561	40078	1530032703	17	1530032702	41.23901779	-8.56514644	162	64.9	9.83	3	16
562	40078	1530032704	23	1530032703	41.23905695	-8.56503	161	65.6	10.59	3	14
563	40078	1530032705	35	1530032704	41.23909401	-8.56490309	161	66.1	11.85	3	18
564	40078	1530032706	30	1530032705	41.23912774	-8.56477199	161	67.6	12.22	3	15
565	40078	1530032707	20	1530032706	41.23916605	-8.56462449	161	71.1	13.79	3	15
566	40078	1530032707	991	1530032707	41.23920535	-8.56446836	161	72.3	13.79	3	15
567	40078	1530032708	976	1530032708	41.239245	-8.56430642	162	72.8	14.09	4	8
568	40078	1530032709	991	1530032709	41.23928358	-8.56414024	162	73	14.26	4	4
569	40078	1530032710	990	1530032710	41.23933675	-8.56396259	162	72.6	14.84	5	12
570	40078	1530032711	992	1530032711	41.23939485	-8.56373844	162	72.1	16.65	4	18
571	40078	1530032713	9	1530032712	41.23944512	-8.56356736	162	68.6	15.46	4	19
572	40078	1530032714	30	1530032713	41.23950671	-8.56340215	164	64.7	16.24	4	17
573	40078	1530032715	25	1530032714	41.23958135	-8.56321034	164	60.2	16.2	4	15
574	40078	1530032715	999	1530032715	41.23965117	-8.56306797	163	56.1	16.06	3	18
575	40078	1530032717	0	1530032716	41.23973059	-8.56289138	166	53.4	15.86	3	18
576	40078	1530032718	16	1530032717	41.23982231	-8.56272575	167	51.1	15.5	3	18
577	40078	1530032719	8	1530032718	41.23991207	-8.56257562	169	46.2	15.35	3	18
578	40078	1530032720	6	1530032719	41.24001537	-8.56246201	169	38.4	15.37	3	17
579	40078	1530032721	6	1530032720	41.24012993	-8.56235755	170	29.3	15.49	3	16
580	40078	1530032722	9	1530032721	41.2402573	-8.56227795	171	21.6	15.7	3	18
581	40078	1530032723	11	1530032722	41.24038601	-8.56222777	170	14.4	15.84	3	18
582	40078	1530032724	10	1530032723	41.24053125	-8.56219185	171	7.2	16.28	3	16
583	40078	1530032725	12	1530032724	41.24067319	-8.56217177	172	2.3	16.46	3	17
584	40078	1530032726	8	1530032725	41.24082437	-8.56216906	171	359.7	16.99	3	17
585	40078	1530032727	5	1530032726	41.24098275	-8.56217091	171	359.6	17.58	3	17
586	40078	1530032728	5	1530032727	41.24114007	-8.56218309	169	359.1	17.68	3	17
587	40078	1530032729	12	1530032728	41.24129784	-8.56219068	168	358	17.62	3	17
588	40078	1530032730	38	1530032729	41.24145126	-8.56220817	167	356.6	17.35	3	16
589	40078	1530032731	32	1530032730	41.24160519	-8.56222281	167	353.8	17.12	3	18
590	40078	1530032732	23	1530032731	41.24174901	-8.56225376	166	349.7	16.11	3	18
591	40078	1530032733	24	1530032732	41.24188485	-8.56228664	165	346.4	14.96	3	18
592	40078	1530032734	19	1530032733	41.24200704	-8.56232684	164	344.8	13.59	3	17
593	40078	1530032735	14	1530032734	41.24211141	-8.5623571	163	345.8	11.31	3	18
594	40078	1530032736	20	1530032735	41.24220474	-8.56237901	163	350.9	9.83	3	18
595	40078	1530032737	26	1530032736	41.24228819	-8.56237378	163	2.6	8.86	3	16
596	40078	1530032738	23	1530032737	41.24237207	-8.56234192	163	23	9.27	3	19
597	40078	1530032739	11	1530032738	41.24243836	-8.56229766	161	30.4	9.87	3	17
598	40078	1530032739	985	1530032739	41.24251388	-8.56223743	161	30.8	10.05	3	15
599	40078	1530032741	2	1530032740	41.24258578	-8.56217116	161	34.5	9.81	3	19
600	40078	1530032742	26	1530032741	41.24265694	-8.56208467	161	44.6	9.92	3	19
601	40078	1530032743	27	1530032742	41.24270647	-8.56198	161	62.7	10.29	3	17
602	40078	1530032743	988	1530032743	41.24273588	-8.56185153	161	75.5	11.61	3	17
603	40078	1530032744	998	1530032744	41.24276045	-8.56170808	161	77.7	12.94	3	16
604	40078	1530032746	17	1530032745	41.24278851	-8.56155005	160	75.4	14.48	3	17
605	40078	1530032747	16	1530032746	41.24282374	-8.56137104	159	76.8	16.15	3	16
606	40078	1530032748	12	1530032747	41.24285657	-8.56117469	158	77.5	17.28	3	16
607	40078	1530032749	8	1530032748	41.24289207	-8.56097148	157	77.6	17.93	3	16
608	40078	1530032750	19	1530032749	41.24293056	-8.5607527	156	76.6	19.1	3	15
609	40078	1530032751	12	1530032750	41.24296863	-8.56052478	155	76.9	20.36	3	15
610	40078	1530032752	0	1530032751	41.24301184	-8.56028285	153	77.2	21	3	17
611	40078	1530032753	8	1530032752	41.24305128	-8.56003689	152	77.3	21.18	3	17
612	40078	1530032754	7	1530032753	41.24309632	-8.55979195	151	77	21.6	3	17
613	40078	1530032755	10	1530032754	41.2431392	-8.55953137	149	77	22.07	3	17
614	40078	1530032756	2	1530032755	41.24318562	-8.55926598	147	77.5	22.63	3	17
615	40078	1530032757	12	1530032756	41.24322853	-8.55899342	146	77.7	23.01	3	15
616	40078	1530032757	999	1530032757	41.24327388	-8.5587351	147	77.2	22.56	3	15
617	40078	1530032759	14	1530032758	41.24332058	-8.55846914	149	76.7	22.46	3	16
618	40078	1530032759	998	1530032759	41.2433713	-8.55821049	150	77.1	22.25	3	15
619	40078	1530032760	996	1530032760	41.24341276	-8.5579529	153	77.1	22.31	3	18
620	40078	1530032762	0	1530032761	41.24345205	-8.55769714	155	77.4	21.63	3	16
621	40078	1530032763	19	1530032762	41.24348936	-8.55746332	155	77.7	21.03	3	16
622	40078	1530032764	15	1530032763	41.24352966	-8.55722058	156	77.4	20.44	3	17
623	40078	1530032765	20	1530032764	41.24357331	-8.55699111	157	77	20.08	3	16
624	40078	1530032766	22	1530032765	41.24361437	-8.55675697	157	76.9	19.95	3	17
625	40078	1530032767	6	1530032766	41.24365672	-8.55652547	157	77	19.89	3	17
626	40078	1530032768	8	1530032767	41.24369631	-8.55629033	157	77.2	19.93	3	16
627	40078	1530032769	19	1530032768	41.24373526	-8.55606075	155	76.8	19.89	3	16
628	40078	1530032770	19	1530032769	41.24377792	-8.55583002	154	76.7	19.82	3	16
629	40078	1530032771	21	1530032770	41.24382026	-8.55560602	153	76.9	19.31	3	16
630	40078	1530032772	13	1530032771	41.2438582	-8.55539578	152	77	17.92	3	17
631	40078	1530032773	19	1530032772	41.24388945	-8.55520114	152	77.3	15.93	3	16
632	40078	1530032774	23	1530032773	41.24391573	-8.55503163	152	78.1	13.18	3	17
633	40078	1530032775	20	1530032774	41.2439305	-8.55488875	153	83.8	10.71	3	19
634	40078	1530032776	0	1530032775	41.24392521	-8.55476504	153	100.4	9.67	3	18
635	40078	1530032777	3	1530032776	41.24389145	-8.55465569	153	114.9	9.54	3	17
636	40078	1530032778	17	1530032777	41.24384433	-8.55455872	154	124	9.53	3	16
637	40078	1530032779	26	1530032778	41.24379552	-8.55446263	153	111.8	9.3	3	17
638	40078	1530032780	20	1530032779	41.2437852	-8.55435576	153	91.2	9.04	3	17
639	40078	1530032781	6	1530032780	41.24380559	-8.55424761	153	69.7	9.07	3	17
640	40078	1530032782	9	1530032781	41.24385419	-8.55417647	152	51.4	9.32	3	18
641	40078	1530032783	4	1530032782	41.2439222	-8.55411365	152	36.8	9.5	3	16
642	40078	1530032784	5	1530032783	41.24399418	-8.55407051	153	10.9	9.72	3	19
643	40078	1530032785	15	1530032784	41.24407659	-8.55406597	153	359.7	9.64	3	18
644	40078	1530032786	8	1530032785	41.24415427	-8.55411207	153	330.8	9.56	3	17
645	40078	1530032787	9	1530032786	41.24421641	-8.55419401	153	309.4	9.61	3	17
646	40078	1530032788	7	1530032787	41.24425226	-8.55429711	153	287.2	9.5	3	18
647	40078	1530032789	6	1530032788	41.24424689	-8.55441764	153	263.6	9.93	3	17
648	40078	1530032790	6	1530032789	41.2442159	-8.55453299	153	243.3	10.43	3	19
649	40078	1530032791	28	1530032790	41.24415493	-8.55463641	153	223.9	10.97	3	19
650	40078	1530032792	11	1530032791	41.24407875	-8.55472812	153	218.7	11.58	3	17
651	40078	1530032793	1	1530032792	41.24400208	-8.55483037	152	228.1	12.06	3	19
652	40078	1530032794	28	1530032793	41.24394174	-8.55495592	152	242.5	12.91	3	18
653	40078	1530032795	19	1530032794	41.24390826	-8.55509434	151	256.4	13.99	3	16
654	40078	1530032796	11	1530032795	41.24387895	-8.5552573	151	258	15.35	3	17
655	40078	1530032797	3	1530032796	41.24384862	-8.55545044	151	257.2	16.77	3	18
656	40078	1530032798	29	1530032797	41.24381276	-8.55565639	151	257.5	17.71	3	18
657	40078	1530032799	16	1530032798	41.24377549	-8.55586839	152	257.2	17.61	3	18
658	40078	1530032800	3	1530032799	41.24374214	-8.55606393	152	257.6	17.09	3	17
659	40078	1530032801	4	1530032800	41.24371006	-8.55626189	153	256.9	17.52	3	18
660	40078	1530032802	20	1530032801	41.24367178	-8.55647434	154	256.9	18.01	3	16
661	40078	1530032803	24	1530032802	41.2436293	-8.55669051	154	257.1	18.92	3	17
662	40078	1530032804	24	1530032803	41.24359621	-8.55691745	154	257.7	19.41	3	18
663	40078	1530032805	25	1530032804	41.24355781	-8.5571467	154	257.2	19.48	3	18
664	40078	1530032806	23	1530032805	41.24351876	-8.55737374	153	257.5	19.34	3	19
665	40078	1530032807	16	1530032806	41.24348317	-8.55760327	153	257.4	19.43	3	16
666	40078	1530032808	0	1530032807	41.24344461	-8.55783116	151	257.7	19.71	3	18
667	40078	1530032809	9	1530032808	41.24340495	-8.55806267	150	257.3	20.19	3	18
668	40078	1530032810	13	1530032809	41.24336382	-8.55830507	149	257.2	20.49	3	18
669	40078	1530032811	14	1530032810	41.24331801	-8.55854765	148	257	20.97	3	18
670	40078	1530032812	34	1530032811	41.24327408	-8.5588004	147	257.3	21.46	3	18
671	40078	1530032813	19	1530032812	41.24323597	-8.5590594	146	257.4	22.14	3	17
672	40078	1530032814	12	1530032813	41.24319302	-8.55931685	148	257.8	22.36	3	17
673	40078	1530032815	7	1530032814	41.24314854	-8.55957234	150	257.4	22.46	3	17
674	40078	1530032816	17	1530032815	41.24310936	-8.55983192	151	257.4	22.38	3	17
675	40078	1530032817	19	1530032816	41.2430683	-8.56009018	152	257.1	22.55	3	17
676	40078	1530032818	5	1530032817	41.24303116	-8.56034762	152	257.4	22.59	3	17
677	40078	1530032819	1	1530032818	41.24298631	-8.56061349	154	257.7	22.39	3	15
678	40078	1530032820	15	1530032819	41.24294155	-8.56087557	154	257.7	21.68	3	15
679	40078	1530032821	7	1530032820	41.24290405	-8.56111581	155	257.6	20.44	3	15
680	40078	1530032821	995	1530032821	41.24286409	-8.56133885	157	257.2	18.75	3	16
681	40078	1530032823	2	1530032822	41.24282415	-8.56154444	157	257.1	16.72	3	16
682	40078	1530032823	996	1530032823	41.24279149	-8.56171913	158	256.5	14.58	3	17
683	40078	1530032824	992	1530032824	41.24276353	-8.5618821	158	256.8	12.96	3	16
684	40078	1530032826	3	1530032825	41.24274167	-8.56201535	160	263.9	11.05	3	18
685	40078	1530032827	3	1530032826	41.24274434	-8.56214112	161	279.6	10.16	3	17
686	40078	1530032828	1	1530032827	41.24277312	-8.56226303	160	292.7	10.25	3	16
687	40078	1530032829	18	1530032828	41.24280672	-8.56236819	159	296.3	10.26	3	19
688	40078	1530032830	20	1530032829	41.24283891	-8.5624684	159	289.1	10.16	3	17
689	40078	1530032831	11	1530032830	41.24284547	-8.56258326	159	270.5	9.88	3	17
690	40078	1530032832	24	1530032831	41.24282807	-8.56269644	159	251.3	9.8	3	19
691	40078	1530032833	34	1530032832	41.24278199	-8.56279082	159	229.4	9.85	3	18
692	40078	1530032834	35	1530032833	41.24270886	-8.56286388	159	207	10.09	3	18
693	40078	1530032835	3	1530032834	41.24262137	-8.56289487	159	184.6	10.22	3	18
694	40078	1530032836	8	1530032835	41.24253527	-8.56288108	159	163.4	10.25	3	19
695	40078	1530032837	19	1530032836	41.24245067	-8.56282605	160	144.3	10.81	3	19
696	40078	1530032838	20	1530032837	41.24237988	-8.56273559	161	131	11.27	3	18
697	40078	1530032839	10	1530032838	41.24232311	-8.56262699	160	128	11.46	3	15
698	40078	1530032840	10	1530032839	41.24225009	-8.56252169	161	134.6	11.68	3	18
699	40078	1530032841	16	1530032840	41.24216494	-8.56244056	161	154.2	11.84	3	17
700	40078	1530032842	21	1530032841	41.24206438	-8.56237313	161	161.7	12.32	3	16
701	40078	1530032843	8	1530032842	41.24196517	-8.56232893	163	166.7	12.79	3	16
702	40078	1530032844	3	1530032843	41.2418523	-8.5622868	163	165.7	13.56	3	18
703	40078	1530032845	31	1530032844	41.24173529	-8.56225395	163	172.2	14.29	3	18
704	40078	1530032846	30	1530032845	41.24160448	-8.56223554	164	174.5	15.06	3	17
705	40078	1530032847	16	1530032846	41.24146061	-8.56222085	164	176.5	15.93	3	18
706	40078	1530032848	20	1530032847	41.24131351	-8.56221454	165	178.1	16.37	3	17
707	40078	1530032849	23	1530032848	41.24116411	-8.56221868	165	178.5	16.4	3	18
708	40078	1530032850	15	1530032849	41.24101837	-8.56220474	165	178.5	16.07	3	18
709	40078	1530032850	994	1530032850	41.24087746	-8.56220676	166	178.8	15.61	3	19
710	40078	1530032851	998	1530032851	41.24074678	-8.56220759	166	179	14.85	3	18
711	40078	1530032853	12	1530032852	41.24061579	-8.56220068	166	181.1	14.3	3	18
712	40078	1530032854	5	1530032853	41.24048718	-8.56222038	167	186.9	14.31	3	17
713	40078	1530032855	10	1530032854	41.24035656	-8.56225626	167	193.4	14.33	3	17
714	40078	1530032856	0	1530032855	41.24023672	-8.56231154	166	201.7	14.32	3	16
715	40078	1530032857	16	1530032856	41.24011832	-8.56239694	166	209.8	14.84	3	17
716	40078	1530032858	23	1530032857	41.24000193	-8.56249847	166	217.8	15.16	3	16
717	40078	1530032859	7	1530032858	41.23990015	-8.56262312	166	224.2	15.4	3	16
718	40078	1530032859	992	1530032859	41.23980381	-8.56276317	166	230	15.81	3	16
719	40078	1530032861	12	1530032860	41.23971361	-8.56291606	166	233.3	16.37	3	17
720	40078	1530032862	38	1530032861	41.23962159	-8.56307379	166	236.8	16.77	3	17
721	40078	1530032863	12	1530032862	41.23954006	-8.56325265	166	239.9	17.37	3	16
722	40078	1530032864	7	1530032863	41.23947825	-8.56344165	163	247.4	17.37	3	18
723	40078	1530032865	29	1530032864	41.23941845	-8.56364527	163	248.5	18.37	3	17
724	40078	1530032866	43	1530032865	41.2393644	-8.56385942	162	251.3	19.28	3	14
725	40078	1530032866	998	1530032866	41.23930944	-8.5640778	162	251.9	19.29	3	14
726	40078	1530032867	974	1530032867	41.2392689	-8.56428083	162	252.4	18.42	4	5
727	40078	1530032868	990	1530032868	41.23921536	-8.56452134	162	252.4	19.92	5	7
728	40078	1530032870	8	1530032869	41.2391539	-8.56475294	162	250.3	19.93	5	18
729	40078	1530032871	20	1530032870	41.23909689	-8.56496414	162	249.2	18.76	3	19
730	40078	1530032872	22	1530032871	41.23904574	-8.56515102	162	248.2	16.37	3	19
731	40078	1530032872	998	1530032872	41.23899388	-8.56531685	162	246.7	14.46	3	16
732	40078	1530032873	994	1530032873	41.23894341	-8.56546499	161	246.7	11.61	3	17
733	40078	1530032875	1	1530032874	41.23890648	-8.56557769	161	246.8	8.6	3	16
734	40078	1530032876	13	1530032875	41.23888451	-8.56565244	160	253	5.46	3	17
735	40078	1530032877	21	1530032876	41.23886638	-8.56569851	159	249.9	3.07	3	18
736	40078	1530032878	20	1530032877	41.23884768	-8.56571639	159	193.1	2.37	3	18
737	40078	1530032879	13	1530032878	41.23882251	-8.56571802	159	162.7	2.3	3	18
738	40078	1530032880	15	1530032879	41.23880706	-8.56570492	159	136.3	2.09	3	18
739	40078	1530032881	2	1530032880	41.23879709	-8.56569114	159	114.5	1.11	3	17
740	40078	1530032882	4	1530032881	41.23880016	-8.56567708	158	0	0	3	18
741	40078	1530032883	20	1530032882	41.23879781	-8.56567581	158	0	0	3	17
742	40078	1530032884	7	1530032883	41.23881074	-8.56568383	158	337.8	1.26	3	16
743	40078	1530032885	5	1530032884	41.23881459	-8.5656894	159	310.9	1.04	3	17
744	40078	1530032886	6	1530032885	41.23881964	-8.56569676	160	307.8	0.5	3	18
745	40078	1530032887	7	1530032886	41.23882433	-8.56567941	159	83.6	2.7	3	17
746	40078	1530032888	2	1530032887	41.23883106	-8.56564082	159	61.5	4.05	3	19
747	40078	1530032889	16	1530032888	41.23884979	-8.56559438	160	61.1	4.77	3	17
748	40078	1530032890	10	1530032889	41.23887282	-8.56554361	160	58.1	5.45	3	18
749	40078	1530032891	12	1530032890	41.23890133	-8.56547784	161	61.1	6.67	3	17
750	40078	1530032892	32	1530032891	41.23893357	-8.56538705	160	65.9	7.99	3	18
751	40078	1530032893	26	1530032892	41.2389767	-8.56528747	161	66	9.37	3	16
752	40078	1530032894	5	1530032893	41.23901583	-8.56517925	161	70.3	9.83	3	17
753	40078	1530032895	8	1530032894	41.23905762	-8.56506545	161	69.5	10.16	3	16
754	40078	1530032896	8	1530032895	41.23909774	-8.5649362	161	71.7	11.56	3	17
755	40078	1530032897	1	1530032896	41.23914504	-8.56479925	161	70.3	11.99	3	18
756	40078	1530032898	7	1530032897	41.23919183	-8.56465283	162	71.6	13.51	3	11
757	40078	1530032898	992	1530032898	41.23923268	-8.56447966	163	74.3	14.24	3	13
758	40078	1530032899	976	1530032899	41.23926381	-8.56431525	162	77.4	14.21	3	13
759	40078	1530032900	971	1530032900	41.23928125	-8.56416803	162	79.7	13.49	3	5
760	40078	1530032903	988	1530032903	41.23933689	-8.56369335	162	82.7	13.35	5	18
761	40078	1530032905	28	1530032904	41.23939388	-8.56344912	165	77.3	13.97	4	18
762	40078	1530032906	36	1530032905	41.23949588	-8.56324776	166	65.3	14.96	4	15
763	40078	1530032907	23	1530032906	41.2395875	-8.56309487	166	59.5	15.54	3	15
764	40078	1530032908	8	1530032907	41.23967156	-8.56295252	168	58	15.73	3	17
765	40078	1530032909	18	1530032908	41.2397726	-8.56278527	169	55.6	15.8	3	16
766	40078	1530032910	15	1530032909	41.23985678	-8.56264034	169	52.1	15.81	3	18
767	40078	1530032911	10	1530032910	41.2399527	-8.56250712	169	45.2	15.82	3	19
768	40078	1530032912	16	1530032911	41.24005897	-8.56239471	168	37.9	15.82	3	19
769	40078	1530032912	999	1530032912	41.24018326	-8.5622997	169	27.5	15.92	3	19
770	40078	1530032914	0	1530032913	41.24031927	-8.56222765	169	21	16.17	3	19
771	40078	1530032915	11	1530032914	41.24046864	-8.5621773	169	11.6	16.99	3	19
772	40078	1530032916	14	1530032915	41.24061977	-8.56215643	169	5.4	17.1	3	19
773	40078	1530032917	14	1530032916	41.24077267	-8.56215648	169	0.2	17.24	3	18
774	40078	1530032918	5	1530032917	41.24093131	-8.56215709	168	359.5	17.68	3	19
775	40078	1530032919	4	1530032918	41.24109241	-8.56215601	168	359.4	17.98	3	19
776	40078	1530032920	3	1530032919	41.24125227	-8.56216314	168	359	18.05	3	19
777	40078	1530032920	996	1530032920	41.24141524	-8.56217586	167	356.9	18.16	3	19
778	40078	1530032922	7	1530032921	41.24157741	-8.56219151	166	354.7	17.99	3	19
779	40078	1530032923	15	1530032922	41.24173586	-8.56222175	166	350.4	17.76	3	19
780	40078	1530032924	5	1530032923	41.24187753	-8.56225727	166	347.9	16.3	3	19
781	40078	1530032925	20	1530032924	41.24199459	-8.56231271	164	345.3	14.09	3	17
782	40078	1530032926	21	1530032925	41.24210321	-8.56235905	162	344.4	12.03	3	17
783	40078	1530032926	998	1530032926	41.2421985	-8.56238617	161	349	10.11	3	17
784	40078	1530032928	6	1530032927	41.24228449	-8.56238153	161	5.9	9.99	3	14
785	40078	1530032929	6	1530032928	41.24237006	-8.56234595	161	22.4	10.45	3	18
786	40078	1530032930	5	1530032929	41.24246044	-8.56228747	161	30.3	10.98	3	17
787	40078	1530032931	7	1530032930	41.24255447	-8.56221652	162	30.3	11.04	3	17
788	40078	1530032932	16	1530032931	41.24263316	-8.56214357	162	38.2	10.75	3	17
789	40078	1530032933	22	1530032932	41.24269762	-8.56205568	162	53.6	10.56	3	16
790	40078	1530032934	20	1530032933	41.24274319	-8.56193466	162	65.2	11.18	3	16
791	40078	1530032935	13	1530032934	41.24276962	-8.56179859	162	77.1	12.7	3	15
792	40078	1530032935	997	1530032935	41.24279243	-8.56164315	160	77.1	14.13	3	15
793	40078	1530032936	993	1530032936	41.24282501	-8.56146629	160	77.1	15.71	3	16
794	40078	1530032937	994	1530032937	41.24285609	-8.56127696	160	77.4	16.91	3	17
795	40078	1530032939	6	1530032938	41.24288834	-8.56107364	158	77.8	17.28	3	16
796	40078	1530032940	14	1530032939	41.24292527	-8.56086527	157	77.7	17.73	3	16
797	40078	1530032941	7	1530032940	41.2429592	-8.56066299	156	77.2	18.31	3	14
798	40078	1530032942	11	1530032941	41.24299865	-8.56044604	155	77.2	18.93	3	16
799	40078	1530032943	15	1530032942	41.24303521	-8.56022001	154	76.9	19.43	3	16
800	40078	1530032944	18	1530032943	41.24307748	-8.55999357	153	77.7	20.01	3	14
801	40078	1530032945	2	1530032944	41.24311288	-8.55976253	151	77.8	20.51	3	14
802	40078	1530032946	10	1530032945	41.24315713	-8.55951593	150	77.8	20.94	3	17
803	40078	1530032947	17	1530032946	41.24319556	-8.55926506	149	77.6	21.51	3	17
804	40078	1530032948	6	1530032947	41.2432374	-8.55902061	148	77.5	21.73	3	16
805	40078	1530032949	10	1530032948	41.24328043	-8.55877439	148	77.1	21.44	3	15
806	40078	1530032950	10	1530032949	41.24332392	-8.55852444	150	76.9	21.3	3	14
807	40078	1530032951	20	1530032950	41.24336772	-8.55827806	151	76.9	21.17	3	14
808	40078	1530032951	993	1530032951	41.24341025	-8.55803294	152	77.2	20.81	3	15
809	40078	1530032952	993	1530032952	41.24344362	-8.55779924	153	77.7	20.48	3	15
810	40078	1530032953	999	1530032953	41.24347934	-8.55756039	154	77.8	20.08	3	16
811	40078	1530032955	4	1530032954	41.24351961	-8.55733608	155	77.3	19.57	3	16
812	40078	1530032956	5	1530032955	41.24355743	-8.55711346	155	77.3	19.22	3	16
813	40078	1530032957	1	1530032956	41.24359845	-8.55690093	156	77.4	18.96	3	14
814	40078	1530032958	7	1530032957	41.24363503	-8.55668316	157	77.4	18.91	3	16
815	40078	1530032959	1	1530032958	41.24367105	-8.5564592	156	77.3	18.84	3	16
816	40078	1530032960	3	1530032959	41.24371249	-8.55624145	156	76.9	18.99	3	17
817	40078	1530032961	3	1530032960	41.24376117	-8.5560181	156	76.7	19.04	3	15
818	40078	1530032962	16	1530032961	41.24380491	-8.55579846	155	77.4	18.86	3	16
819	40078	1530032963	17	1530032962	41.24384203	-8.55558432	154	77.5	18.4	3	16
820	40078	1530032964	2	1530032963	41.24387813	-8.55538375	153	77	16.72	3	15
821	40078	1530032965	14	1530032964	41.24390829	-8.55519402	153	76.6	15.06	3	15
822	40078	1530032966	13	1530032965	41.24393716	-8.55503993	154	76.7	12.66	3	13
823	40078	1530032967	16	1530032966	41.24395215	-8.554918	154	85.4	10.25	3	17
824	40078	1530032968	6	1530032967	41.24393741	-8.55480408	155	104.3	9.35	3	15
825	40078	1530032969	21	1530032968	41.24390031	-8.55469025	155	119.9	9.86	3	17
826	40078	1530032970	25	1530032969	41.24385453	-8.55458351	155	120.7	10.64	3	17
827	40078	1530032971	25	1530032970	41.24380007	-8.55447267	155	121.3	10.98	3	17
828	40078	1530032972	13	1530032971	41.24374557	-8.55436233	155	129.4	11.18	3	13
829	40078	1530032973	14	1530032972	41.24366945	-8.55427186	156	145.2	11.57	3	18
830	40078	1530032974	6	1530032973	41.24357175	-8.55420447	156	159.5	11.87	3	16
831	40078	1530032975	6	1530032974	41.24346437	-8.55416439	156	164.4	12.36	3	17
832	40078	1530032976	16	1530032975	41.2433509	-8.55413097	157	167	12.55	3	17
833	40078	1530032977	20	1530032976	41.24323852	-8.55409573	156	166.6	12.29	3	17
834	40078	1530032978	25	1530032977	41.24313874	-8.55406243	156	167.3	11.42	3	17
835	40078	1530032979	28	1530032978	41.24304466	-8.55402857	156	167.4	10.07	3	17
836	40078	1530032980	18	1530032979	41.24296623	-8.55400546	156	167.6	8.16	3	16
837	40078	1530032981	21	1530032980	41.24290366	-8.55398897	156	168.2	5.98	3	17
838	40078	1530032982	21	1530032981	41.24285852	-8.55398061	156	169.8	4.57	3	16
839	40078	1530032983	18	1530032982	41.24282247	-8.55397046	156	167.3	4.56	3	16
840	40078	1530032984	9	1530032983	41.24278148	-8.55394677	156	147.2	4.79	3	17
841	40078	1530032985	18	1530032984	41.24274797	-8.55390134	155	120.9	5.76	3	17
842	40078	1530032986	21	1530032985	41.24272475	-8.55382974	155	102.1	7.05	3	15
843	40078	1530032987	22	1530032986	41.24271862	-8.55374247	155	95.4	7.41	3	16
844	40078	1530032988	24	1530032987	41.24272044	-8.55363713	156	90.2	8.93	3	15
845	40078	1530032989	44	1530032988	41.24271472	-8.55352146	157	91.9	10.03	3	17
846	40078	1530032990	61	1530032989	41.24271035	-8.55339615	158	92.6	10.3	3	16
847	40078	1530032991	51	1530032990	41.24270816	-8.55327371	159	93.6	9.89	3	17
848	40078	1530032992	21	1530032991	41.24270038	-8.55315009	160	93.5	9.85	3	17
849	40078	1530032993	10	1530032992	41.24268709	-8.55304016	160	96.4	10.02	3	17
850	40078	1530032994	7	1530032993	41.24267294	-8.5529176	161	98.2	10.11	3	13
851	40078	1530032995	9	1530032994	41.2426578	-8.55280621	162	102.4	9.9	3	16
852	40078	1530032996	0	1530032995	41.24264117	-8.5526932	163	102.7	9.43	3	14
853	40078	1530032997	7	1530032996	41.24262667	-8.55259198	164	104.5	8.4	3	17
854	40078	1530032998	3	1530032997	41.2426153	-8.55250828	164	104.4	7.26	3	16
855	40078	1530032999	4	1530032998	41.24260202	-8.5524414	164	104.6	5.1	3	17
856	40078	1530033000	15	1530032999	41.24259757	-8.55240746	165	105.1	2.46	3	14
857	40078	1530033001	7	1530033000	41.24260234	-8.55239332	165	105.7	0.74	3	14
858	40078	1530033002	7	1530033001	41.2426007	-8.55239397	165	0	0	3	17
859	40078	1530033003	12	1530033002	41.24260462	-8.55239089	165	0	0	3	17
860	40078	1530033004	23	1530033003	41.24260768	-8.55239573	165	0	0	3	17
861	40078	1530033005	17	1530033004	41.24261181	-8.55239228	165	0	0	3	17
862	40078	1530033006	19	1530033005	41.24261223	-8.5523952	164	0	0	3	16
863	40078	1530033007	12	1530033006	41.24261275	-8.55238287	166	106.3	0.98	3	16
864	40078	1530033008	14	1530033007	41.24260858	-8.55236044	166	106.7	2.01	3	15
865	40078	1530033009	19	1530033008	41.24260347	-8.55233922	165	107.9	1.77	3	14
866	40078	1530033010	9	1530033009	41.24259602	-8.55232611	165	109.3	0.57	3	15
867	40078	1530033011	11	1530033010	41.24259832	-8.55232786	166	0	0	3	16
868	40078	1530033012	14	1530033011	41.24259401	-8.55232432	165	0	0	3	16
869	40078	1530033013	14	1530033012	41.24258975	-8.5523179	165	109.8	0.96	3	17
870	40078	1530033014	20	1530033013	41.24259335	-8.55229937	165	111.6	1.04	3	17
871	40078	1530033015	8	1530033014	41.24259555	-8.55228891	164	0	0	3	15
872	40078	1530033015	979	1530033015	41.24259394	-8.5522873	164	0	0	3	14
873	40078	1530033016	992	1530033016	41.24259339	-8.55228738	165	0	0	3	15
874	40078	1530033018	0	1530033017	41.24260091	-8.5522852	164	0	0	3	16
875	40078	1530033019	2	1530033018	41.24260621	-8.55228462	165	0	0	3	16
876	40078	1530033020	19	1530033019	41.24260737	-8.55228734	165	0	0	3	16
877	40078	1530033021	22	1530033020	41.24260583	-8.55228726	165	0	0	3	17
878	40078	1530033022	8	1530033021	41.24260562	-8.55228699	165	0	0	3	16
879	40078	1530033023	3	1530033022	41.24260534	-8.55228196	165	0	0	3	14
880	40078	1530033024	4	1530033023	41.24260306	-8.55228148	165	0	0	3	12
881	40078	1530033024	997	1530033024	41.24260418	-8.55228251	165	0	0	3	14
882	40078	1530033026	3	1530033025	41.24260365	-8.55228232	165	0	0	3	14
883	40078	1530033026	999	1530033026	41.2426036	-8.55228211	165	0	0	3	15
884	40078	1530033028	4	1530033027	41.24260336	-8.55228198	165	0	0	3	13
885	40078	1530033029	10	1530033028	41.24260339	-8.55228196	165	0	0	3	14
886	40078	1530033030	2	1530033029	41.24259953	-8.55227964	165	114.5	0.91	3	16
887	40078	1530033031	5	1530033030	41.24259498	-8.55225897	165	115.7	2.35	3	17
888	40078	1530033032	3	1530033031	41.24258708	-8.55223109	166	116.4	2.59	3	15
889	40078	1530033033	8	1530033032	41.24257868	-8.55220524	167	116.6	2.3	3	14
890	40078	1530033034	2	1530033033	41.24256978	-8.55218278	166	118.2	1.79	3	17
891	40078	1530033035	23	1530033034	41.24255744	-8.55215675	168	123.7	3.15	3	16
892	40078	1530033036	5	1530033035	41.24253571	-8.55212087	168	130.3	4.49	3	16
893	40078	1530033037	9	1530033036	41.24250415	-8.55207924	169	131.9	5.43	3	16
894	40078	1530033038	22	1530033037	41.24246759	-8.55202831	169	135.5	5.04	3	15
895	40078	1530033039	16	1530033038	41.24244265	-8.55199138	169	129.2	4.16	3	17
896	40078	1530033040	10	1530033039	41.24241833	-8.55195035	170	130.5	3.65	3	16
897	40078	1530033041	35	1530033040	41.24239795	-8.55190802	171	126.8	4.29	3	17
898	40078	1530033042	19	1530033041	41.24237023	-8.55186075	171	129.1	5.11	3	18
899	40078	1530033043	7	1530033042	41.24234029	-8.55180807	172	129.5	6.08	3	16
900	40078	1530033044	10	1530033043	41.24230853	-8.55175285	173	129.2	5.63	3	18
901	40078	1530033045	16	1530033044	41.24227704	-8.55169606	173	122	6.33	3	18
902	40078	1530033046	15	1530033045	41.24224731	-8.5516204	173	116.9	7.07	3	16
903	40078	1530033047	23	1530033046	41.24222261	-8.55153806	175	114.2	7.84	3	16
904	40078	1530033048	4	1530033047	41.24219257	-8.55144927	176	111.5	8.4	3	17
905	40078	1530033049	13	1530033048	41.24216213	-8.55134929	176	112.2	8.95	3	15
906	40078	1530033050	7	1530033049	41.24213074	-8.55125066	177	111.6	8.94	3	13
907	40078	1530033051	5	1530033050	41.24211166	-8.55114201	178	104.5	9.47	3	14
908	40078	1530033052	31	1530033051	41.24208914	-8.55104033	179	104.6	9.53	3	12
909	40078	1530033053	26	1530033052	41.24206955	-8.55093062	180	105.4	9.51	3	11
910	40078	1530033054	27	1530033053	41.2420468	-8.55082133	181	105.2	9.5	3	11
911	40078	1530033055	56	1530033054	41.24202945	-8.55069076	182	99.5	10.4	3	13
912	40078	1530033056	33	1530033055	41.24201823	-8.55056221	183	93.8	10.84	3	14
913	40078	1530033056	997	1530033056	41.24201245	-8.55042661	184	95	11.27	3	15
914	40078	1530033058	3	1530033057	41.24199521	-8.55029058	185	100.4	11.43	3	12
915	40078	1530033059	18	1530033058	41.24197394	-8.55015858	186	104.2	11.86	3	14
916	40078	1530033060	8	1530033059	41.24194453	-8.55001537	187	105.6	12.52	3	15
917	40078	1530033061	1	1530033060	41.24190855	-8.54986149	185	105	13.68	3	14
918	40078	1530033062	10	1530033061	41.24187093	-8.5496889	187	104.4	14.34	3	16
919	40078	1530033063	43	1530033062	41.24184369	-8.54952203	188	102.9	14.34	3	14
920	40078	1530033064	82	1530033063	41.24181495	-8.54935509	188	102.5	14.73	3	14
921	40078	1530033065	36	1530033064	41.24178403	-8.5491866	188	102.1	14.63	3	15
922	40078	1530033066	11	1530033065	41.24175556	-8.54902418	190	102.2	14.45	3	15
923	40078	1530033067	6	1530033066	41.24173798	-8.54885917	192	100.7	13.69	3	16
924	40078	1530033068	12	1530033067	41.24171415	-8.54870567	191	100.6	12.68	3	16
925	40078	1530033069	17	1530033068	41.24169616	-8.54855836	191	105.2	11.91	3	13
926	40078	1530033070	20	1530033069	41.2416705	-8.54843388	192	107.3	11.03	3	15
927	40078	1530033071	14	1530033070	41.2416397	-8.54832044	192	109.4	9.74	3	17
928	40078	1530033072	8	1530033071	41.24161291	-8.54822006	192	108.9	8.55	3	17
929	40078	1530033073	21	1530033072	41.24159367	-8.54813837	192	106.2	6.96	3	15
930	40078	1530033074	21	1530033073	41.2415858	-8.54806736	192	105.9	4.96	3	15
931	40078	1530033075	26	1530033074	41.24157354	-8.54801761	192	107.5	2.45	3	17
932	40078	1530033076	12	1530033075	41.24156878	-8.54800523	192	113.7	1.68	3	13
933	40078	1530033077	13	1530033076	41.24155522	-8.54798695	192	120.8	2.64	3	17
934	40078	1530033078	15	1530033077	41.24152868	-8.54796102	192	152	3.93	3	17
935	40078	1530033079	54	1530033078	41.24148469	-8.54794793	193	169.8	5.28	3	17
936	40078	1530033080	77	1530033079	41.24142812	-8.5479404	192	171.4	5.91	3	17
937	40078	1530033081	43	1530033080	41.24137801	-8.54793846	192	175.2	6.07	3	16
938	40078	1530033082	5	1530033081	41.2413165	-8.54793896	193	182.4	6.92	3	17
939	40078	1530033083	7	1530033082	41.24124549	-8.54794842	193	190	7.88	3	18
940	40078	1530033084	35	1530033083	41.24117133	-8.54797255	194	194.8	8.56	3	16
941	40078	1530033085	22	1530033084	41.24108996	-8.54799428	194	193.7	9.69	3	15
942	40078	1530033085	998	1530033085	41.24099721	-8.54801642	195	192.5	10.29	3	15
943	40078	1530033087	7	1530033086	41.24090403	-8.54804719	194	191.6	10.6	3	16
944	40078	1530033088	21	1530033087	41.24080341	-8.54806845	196	188.8	10.97	3	16
945	40078	1530033089	26	1530033088	41.24069939	-8.54808316	196	182.5	11.27	3	18
946	40078	1530033090	13	1530033089	41.24059534	-8.5480799	196	176.6	11.74	3	16
947	40078	1530033091	4	1530033090	41.24049114	-8.54806602	197	173.6	12.02	3	14
948	40078	1530033092	29	1530033091	41.24038374	-8.54804281	196	171.1	12.27	3	16
949	40078	1530033093	20	1530033092	41.2402756	-8.54802414	196	171.1	12.13	3	15
950	40078	1530033093	990	1530033093	41.24016696	-8.54799858	196	170.3	12.19	3	12
951	40078	1530033094	990	1530033094	41.24006625	-8.54796901	195	170	11.82	3	14
952	40078	1530033096	21	1530033095	41.23996107	-8.54794574	194	169.2	11.66	3	15
953	40078	1530033097	22	1530033096	41.23986062	-8.54791735	194	169	11.15	3	15
954	40078	1530033098	18	1530033097	41.23976428	-8.54788272	193	168.4	11.16	3	17
955	40078	1530033099	9	1530033098	41.23967072	-8.54785867	192	170.7	10.95	3	14
956	40078	1530033100	23	1530033099	41.23957424	-8.54784757	192	175.3	11.09	3	17
957	40078	1530033101	7	1530033100	41.23947163	-8.54782636	191	170.5	11.78	3	17
958	40078	1530033102	6	1530033101	41.23937358	-8.54779337	191	169	12.2	3	16
959	40078	1530033103	35	1530033102	41.23927121	-8.54776031	190	169.7	12.58	3	16
960	40078	1530033104	2	1530033103	41.23915499	-8.54774119	190	169.9	13.03	3	17
961	40078	1530033105	0	1530033104	41.23903512	-8.54771622	190	169.9	13.44	3	16
962	40078	1530033106	9	1530033105	41.23890397	-8.54768831	189	169.4	13.89	3	17
963	40078	1530033107	13	1530033106	41.23877743	-8.54765468	189	169.6	14.19	3	17
964	40078	1530033108	26	1530033107	41.2386443	-8.54762587	188	169.5	14.49	3	17
965	40078	1530033109	20	1530033108	41.23851787	-8.54759607	188	169.7	14.83	3	17
966	40078	1530033110	9	1530033109	41.23838947	-8.54756337	187	170	14.44	3	16
967	40078	1530033111	1	1530033110	41.2382547	-8.54753427	186	170	14.63	3	15
968	40078	1530033112	11	1530033111	41.23812914	-8.54750692	186	169.6	14.21	3	16
969	40078	1530033113	19	1530033112	41.2380057	-8.54747546	186	169.8	14.01	3	17
970	40078	1530033114	9	1530033113	41.2378819	-8.5474454	186	170.4	13.73	3	15
971	40078	1530033115	17	1530033114	41.23775986	-8.54741781	185	169.8	13.4	3	15
972	40078	1530033116	46	1530033115	41.23764076	-8.54738507	185	169.7	13.37	3	14
973	40078	1530033117	54	1530033116	41.23752615	-8.54735625	185	170.4	13.14	3	16
974	40078	1530033118	64	1530033117	41.23741671	-8.54733125	183	171.8	12.92	3	16
975	40078	1530033119	33	1530033118	41.23730332	-8.54731078	183	172.1	12.24	3	17
976	40078	1530033120	13	1530033119	41.23720281	-8.54729131	181	167.9	11.33	3	17
977	40078	1530033121	21	1530033120	41.23710653	-8.54726192	180	164	10.54	3	17
978	40078	1530033122	30	1530033121	41.23701752	-8.54722338	180	157.4	9.99	3	18
979	40078	1530033122	996	1530033122	41.23694368	-8.54716953	178	145.9	9.6	3	17
980	40078	1530033123	999	1530033123	41.23688371	-8.54709432	178	135.8	9.21	3	18
981	40078	1530033125	8	1530033124	41.23683027	-8.5470052	178	126.4	8.62	3	16
982	40078	1530033126	1	1530033125	41.23679571	-8.54691363	178	115.3	8.31	3	18
983	40078	1530033126	994	1530033126	41.23676631	-8.54682326	177	110.1	8.46	3	17
984	40078	1530033127	999	1530033127	41.2367363	-8.54673264	177	109.1	8.77	3	14
985	40078	1530033129	17	1530033128	41.23671108	-8.54662517	177	108.4	9.15	3	14
986	40078	1530033130	14	1530033129	41.23668712	-8.54652252	177	107.9	9.17	3	15
987	40078	1530033131	3	1530033130	41.23666189	-8.54641975	177	107.1	9.23	3	15
988	40078	1530033132	6	1530033131	41.23663095	-8.546314	178	106.4	9.34	3	15
989	40078	1530033133	10	1530033132	41.23660836	-8.54620549	178	106.5	9.25	3	15
990	40078	1530033134	13	1530033133	41.23658732	-8.54609811	177	106.2	9.4	3	15
991	40078	1530033135	1	1530033134	41.23656585	-8.54599471	177	105.8	9.34	3	16
992	40078	1530033136	11	1530033135	41.23654348	-8.54589347	177	105.9	9.29	3	13
993	40078	1530033137	0	1530033136	41.23652005	-8.5457883	177	106.6	8.73	3	13
994	40078	1530033138	9	1530033137	41.23649732	-8.54568926	176	106.1	8.28	3	15
995	40078	1530033139	16	1530033138	41.23647833	-8.54560152	176	106.2	7.57	3	15
996	40078	1530033140	16	1530033139	41.23645762	-8.54551108	176	105.7	7.4	3	14
997	40078	1530033141	21	1530033140	41.23643605	-8.54542166	176	106.5	7.4	3	15
998	40078	1530033142	3	1530033141	41.23641485	-8.54534599	176	107	7.63	3	14
999	40078	1530033143	5	1530033142	41.23640071	-8.54525679	176	106.3	7.6	3	15
1000	40078	1530033144	18	1530033143	41.23638189	-8.54517703	177	107.1	7.34	3	14
1001	40078	1530033145	13	1530033144	41.23636758	-8.54510013	177	105.5	6.92	3	16
1002	40078	1530033146	20	1530033145	41.23634775	-8.54502067	178	103.8	6.94	3	15
1003	40078	1530033147	14	1530033146	41.23633843	-8.54493501	178	105.5	6.99	3	15
1004	40078	1530033148	21	1530033147	41.23632391	-8.54485631	178	106.3	6.9	3	16
1005	40078	1530033149	10	1530033148	41.23630726	-8.54477612	178	106.2	6.75	3	15
1006	40078	1530033150	13	1530033149	41.23628931	-8.54470077	178	106	6.69	3	17
1007	40078	1530033151	21	1530033150	41.23627853	-8.54462295	178	106.2	6.52	3	16
1008	40078	1530033152	20	1530033151	41.23626291	-8.54455067	177	106.8	5.98	3	15
1009	40078	1530033153	21	1530033152	41.23624636	-8.54449119	177	110.2	5.06	3	17
1010	40078	1530033154	18	1530033153	41.23623353	-8.54443595	178	115	4.52	3	15
1011	40078	1530033155	23	1530033154	41.23621528	-8.54439746	178	115.7	3.36	3	16
1012	40078	1530033156	4	1530033155	41.23619729	-8.54436545	179	113.7	1.95	3	16
1013	40078	1530033157	7	1530033156	41.23619908	-8.54435307	179	111.2	1.19	3	17
1014	40078	1530033158	1	1530033157	41.23620148	-8.54434692	179	107.4	0.34	3	16
1015	40078	1530033159	3	1530033158	41.23620643	-8.54434149	178	0	0	3	15
1016	40078	1530033160	1	1530033159	41.23620624	-8.5443407	178	0	0	3	16
1017	40078	1530033161	5	1530033160	41.23620773	-8.54433846	177	0	0	3	15
1018	40078	1530033162	19	1530033161	41.23620812	-8.54433591	176	0	0	3	15
1019	40078	1530033163	14	1530033162	41.23620155	-8.54432933	176	96.4	1.33	3	15
1020	40078	1530033164	2	1530033163	41.23620525	-8.54430126	177	86.5	3.14	3	16
1021	40078	1530033165	7	1530033164	41.23621556	-8.544258	177	58.2	4.18	3	16
1022	40078	1530033166	21	1530033165	41.23623746	-8.54421624	177	42.7	4.37	3	17
1023	40078	1530033167	21	1530033166	41.23628426	-8.54418215	178	27.4	5.91	3	16
1024	40078	1530033168	35	1530033167	41.23633683	-8.54413789	178	25.6	7.55	3	17
1025	40078	1530033169	34	1530033168	41.23640753	-8.54408878	179	26.3	8.84	3	17
1026	40078	1530033170	8	1530033169	41.23648397	-8.54404119	179	24.9	10.45	3	16
1027	40078	1530033171	16	1530033170	41.23656407	-8.54399351	180	24.9	11.42	3	16
1028	40078	1530033172	20	1530033171	41.23666536	-8.54393168	182	25	11.16	3	15
1029	40078	1530033173	15	1530033172	41.2367594	-8.54387611	183	24.8	11.39	3	18
1030	40078	1530033174	7	1530033173	41.23684977	-8.5438098	183	24.7	12.07	3	16
1031	40078	1530033174	996	1530033174	41.23695346	-8.54374763	184	25.2	12.8	3	16
1032	40078	1530033176	2	1530033175	41.23706869	-8.54367834	184	25	13.9	3	15
1033	40078	1530033177	12	1530033176	41.23718727	-8.54360793	184	24.6	14.95	3	17
1034	40078	1530033178	17	1530033177	41.23731262	-8.54352926	185	24.9	15.69	3	17
1035	40078	1530033179	21	1530033178	41.23744423	-8.54345233	186	24.9	15.97	3	16
1036	40078	1530033180	20	1530033179	41.23757651	-8.54336888	187	25.2	16.28	3	16
1037	40078	1530033181	12	1530033180	41.23771155	-8.54328567	187	24.8	16.61	3	16
1038	40078	1530033182	18	1530033181	41.2378467	-8.5432053	189	24.3	16.45	3	16
1039	40078	1530033183	5	1530033182	41.23798197	-8.54312368	189	25	16.05	3	14
1040	40078	1530033184	8	1530033183	41.23811062	-8.54304577	190	25.1	15.54	3	15
1041	40078	1530033185	17	1530033184	41.23823323	-8.54296818	190	25.1	14.45	3	15
1042	40078	1530033186	18	1530033185	41.23834905	-8.54289694	191	25.2	13.62	3	18
1043	40078	1530033187	31	1530033186	41.23845714	-8.54282965	191	25	12.83	3	15
1044	40078	1530033188	17	1530033187	41.23854423	-8.5427769	192	24.9	10.38	3	16
1045	40078	1530033189	19	1530033188	41.23861448	-8.54272779	193	25	8.01	3	14
1046	40078	1530033190	13	1530033189	41.23866517	-8.54269681	193	25.8	5.38	3	14
1047	40078	1530033190	993	1530033190	41.23869119	-8.5426662	193	34.8	2.63	3	16
1048	40078	1530033191	997	1530033191	41.23870023	-8.54265315	194	43.4	1.28	3	16
1049	40078	1530033193	17	1530033192	41.23870675	-8.54262974	193	55.3	0.92	3	16
1050	40078	1530033194	12	1530033193	41.23870817	-8.54261234	193	65.2	1.9	3	18
1051	40078	1530033195	11	1530033194	41.23871216	-8.54258722	193	81.2	2.88	3	16
1052	40078	1530033196	5	1530033195	41.23870422	-8.54253793	193	99.9	4.53	3	16
1053	40078	1530033197	9	1530033196	41.23869728	-8.54247978	193	100.4	4.59	3	15
1054	40078	1530033198	26	1530033197	41.23868077	-8.54241522	193	109.5	5.65	3	17
1055	40078	1530033199	13	1530033198	41.23865672	-8.54235002	192	105.9	6.34	3	18
1056	40078	1530033200	6	1530033199	41.23863293	-8.54227359	192	104.7	7.34	3	17
1057	40078	1530033201	27	1530033200	41.23862103	-8.54218533	192	100.9	7.54	3	15
1058	40078	1530033202	24	1530033201	41.23860307	-8.54209778	192	102.6	7.5	3	15
1059	40078	1530033202	999	1530033202	41.23859298	-8.54201474	192	94.6	6.95	3	17
1060	40078	1530033204	10	1530033203	41.23859479	-8.54194119	193	74.7	6.35	3	15
1061	40078	1530033205	18	1530033204	41.23863278	-8.54188357	193	52.4	6.43	3	15
1062	40078	1530033205	995	1530033205	41.23868278	-8.54184354	194	28.9	6.55	3	15
1063	40078	1530033207	2	1530033206	41.23874238	-8.54180373	196	25.5	6.9	3	18
1064	40078	1530033208	26	1530033207	41.23879676	-8.5417691	196	25.9	6.84	3	18
1065	40078	1530033209	34	1530033208	41.23886023	-8.5417299	197	25.7	6.58	3	17
1066	40078	1530033210	37	1530033209	41.23891506	-8.54170452	197	25.1	6.27	3	17
1067	40078	1530033211	27	1530033210	41.23896586	-8.54166719	197	26.2	6.28	3	18
1068	40078	1530033212	28	1530033211	41.23902009	-8.54163309	198	27	6.36	3	14
1069	40078	1530033213	16	1530033212	41.23907037	-8.54160179	198	27.9	5.85	3	16
1070	40078	1530033214	35	1530033213	41.23911029	-8.54157533	198	30.7	5.68	3	17
1071	40078	1530033215	23	1530033214	41.23914454	-8.5415498	198	24	4.68	3	17
1072	40078	1530033216	28	1530033215	41.23917576	-8.54153325	198	358.2	3.57	3	18
1073	40078	1530033217	23	1530033216	41.23919666	-8.54153473	199	336.4	1.79	3	14
1074	40078	1530033218	12	1530033217	41.23920243	-8.54153891	199	337.2	0.18	3	15
1075	40078	1530033219	1	1530033218	41.23920397	-8.54153868	199	0	0	3	14
1076	40078	1530033219	999	1530033219	41.23920144	-8.54154021	200	337.2	0.97	3	14
1077	40078	1530033221	14	1530033220	41.23919306	-8.54153466	200	180.9	1.25	3	17
1078	40078	1530033222	0	1530033221	41.23918391	-8.54152684	200	318	1.64	3	17
1079	40078	1530033223	8	1530033222	41.2391701	-8.54151168	200	303.7	1.44	3	18
1080	40078	1530033223	994	1530033223	41.2391603	-8.54148467	201	291.2	0.66	3	15
1081	40078	1530033224	998	1530033224	41.23915332	-8.54147961	201	106.9	0.33	3	16
1082	40078	1530033226	15	1530033225	41.23915445	-8.54148754	200	262.3	0.6	3	16
1083	40078	1530033227	15	1530033226	41.23914921	-8.54150508	200	233.1	2.06	3	13
1084	40078	1530033227	996	1530033227	41.23913545	-8.54152883	198	222.5	2.81	3	17
1085	40078	1530033229	2	1530033228	41.2391173	-8.54155882	198	232	3.37	3	15
1086	40078	1530033230	20	1530033229	41.23909559	-8.54159337	198	223.3	3.44	3	15
1087	40078	1530033231	22	1530033230	41.23907272	-8.5416224	197	218.7	3.03	3	13
1088	40078	1530033232	4	1530033231	41.23905143	-8.5416447	197	207.6	2.52	3	16
1089	40078	1530033233	3	1530033232	41.23903445	-8.54165801	198	202.2	1.55	3	17
1090	40078	1530033234	11	1530033233	41.23902847	-8.54167007	198	0	0	3	14
1091	40078	1530033235	11	1530033234	41.23902649	-8.54167582	198	0	0	3	13
1092	40078	1530033236	5	1530033235	41.23902446	-8.54167921	198	0	0	3	14
1093	40078	1530033237	10	1530033236	41.2390304	-8.54167773	198	27.4	1.62	3	17
1094	40078	1530033237	993	1530033237	41.23904314	-8.54167355	198	11.3	1.35	3	14
1095	40078	1530033238	990	1530033238	41.23904684	-8.54167423	198	192.6	0.71	3	16
1096	40078	1530033239	996	1530033239	41.23904367	-8.54167607	198	194.4	0.78	3	15
1097	40078	1530033241	4	1530033240	41.23904236	-8.54167691	198	194.3	1	3	15
1098	40078	1530033241	992	1530033241	41.23904296	-8.54167703	198	195.4	0.6	3	15
1099	40078	1530033243	3	1530033242	41.23904556	-8.54167583	198	194.3	0.72	3	12
1100	40078	1530033244	12	1530033243	41.23904758	-8.54167322	197	193.4	0.78	3	13
1101	40078	1530033244	999	1530033244	41.23905126	-8.54167061	197	194.3	0.58	3	11
1102	40078	1530033245	994	1530033245	41.23906828	-8.54166449	196	0	0	3	12
1103	40078	1530033246	989	1530033246	41.23907814	-8.54166203	196	0	0	3	11
1104	40078	1530033247	995	1530033247	41.23908201	-8.54166116	196	0	0	3	12
1105	40078	1530033248	993	1530033248	41.23908366	-8.54166161	197	0	0	3	12
1106	40078	1530033249	987	1530033249	41.23908269	-8.54166251	197	0	0	3	15
1107	40078	1530033250	985	1530033250	41.23908303	-8.54166378	197	0	0	3	15
1108	40078	1530033252	7	1530033251	41.23908288	-8.5416633	198	0	0	3	15
1109	40078	1530033253	15	1530033252	41.2390831	-8.54166442	198	0	0	3	15
1110	40078	1530033254	4	1530033253	41.23908261	-8.54166497	198	0	0	3	13
1111	40078	1530033254	995	1530033254	41.23908158	-8.54166497	198	0	0	3	15
1112	40078	1530033255	997	1530033255	41.23908129	-8.54166518	198	0	0	3	12
1113	40078	1530033256	998	1530033256	41.23908102	-8.54166539	198	0	0	3	14
