n	Session	location.seconds.Unix	location.millis	location.gpstime	location.lat	location.lon	location.alt	location.track	location.speed.M-S	location.acc	location.nsats
1	14640	1479201710	782	1479201709	41.2389643	-8.5416754				14.195	-1
2	14640	1479201715	847	1479201715	41.2389643	-8.5416754				12.025	-1
3	14640	1479201720	939	1479201719	41.2389643	-8.5416754				10.306	-1
4	14640	1479201725	985	1479201724	41.2389643	-8.5416754				10	-1
5	14640	1479201731	124	1479201730	41.2389476	-8.5416754				10	-1
6	14640	1479201736	234	1479201735	41.2388963	-8.5417056				12.995	-1
7	14640	1479201741	311	1479201740	41.2388863	-8.5416754				20.217	-1
8	14640	1479201751	750	1479201751	41.2386666	-8.5425335				19.925	-1
9	14640	1479201757	806	1479201757	41.2387381	-8.5426193				19.356	-1
10	14640	1479201762	994	1479201762	41.2387381	-8.5426193				19.305	-1
11	14640	1479201768	145	1479201767	41.2385759	-8.5427052				19.367	-1
12	14640	1479201773	146	1479201773	41.2385759	-8.5427052				97.12	-1
13	14640	1479201778	327	1479201777	41.2372127	-8.54322				20.416	-1
14	14640	1479201783	382	1479201781	41.2363336	-8.5440353				20.237	-1
15	14640	1479201788	480	1479201787	41.2363464	-8.5438636				19.172	-1
16	14640	1479201793	509	1479201793	41.2363464	-8.5438636				90.36	-1
17	14640	1479201795	504	1479201803	41.2348968	-8.5444465	154.7			104	-1
18	14640	1479201798	469	1479201806	41.23445653	-8.54458631	152.8			41	10
19	14640	1479201799	372	1479201807	41.23431318	-8.54452132	155.8			30	10
20	14640	1479201800	487	1479201808	41.23417898	-8.54452457	156.1			29	10
21	14640	1479201801	386	1479201809	41.23404456	-8.54456439	156.5	192.4	16	27	10
22	14640	1479201802	501	1479201810	41.23389487	-8.54464322	156.5			27	10
23	14640	1479201803	419	1479201811	41.23379108	-8.54474035	156.4	200.9	14.5	25	10
24	14640	1479201804	446	1479201812	41.2336816	-8.54479746	156.4	203.7	13.75	21	10
25	14640	1479201805	498	1479201813	41.23359438	-8.54484488	155	203.7	12	15	10
26	14640	1479201806	411	1479201814	41.2335122	-8.5449079	154.9	204	11	14	-1
27	14640	1479201807	612	1479201815	41.2334106	-8.54498572	152.6	203.9	10.25	14	9
28	14640	1479201808	467	1479201816	41.23334489	-8.54503446	153.6	203.7	9.25	13	10
29	14640	1479201809	363	1479201817	41.23326511	-8.54507135	152.8	203.4	8.75	13	10
30	14640	1479201810	383	1479201818	41.23320447	-8.54510278	154.1	203.2	7.75	12	10
31	14640	1479201811	449	1479201819	41.23315442	-8.54514853	151.8	202.6	6.25	12	10
32	14640	1479201812	367	1479201820	41.23310044	-8.54517149	152	203.3	4.5	12	9
33	14640	1479201813	376	1479201821	41.23308763	-8.54518613	155.5	203.3	2.75	12	9
34	14640	1479201814	431	1479201822	41.23308158	-8.5451963	156.4	202.8	1.5	12	10
35	14640	1479201815	365	1479201823	41.23308007	-8.54520184	158.2	203.5	1	12	10
36	14640	1479201816	363	1479201824	41.23306544	-8.54521153	158.1	204	0.75	11	10
37	14640	1479201817	383	1479201825	41.23306372	-8.54521168	158.5	204	0.75	11	10
38	14640	1479201818	363	1479201826	41.23305633	-8.54521266	158.2	204	0.75	11	10
39	14640	1479201819	373	1479201827	41.2330425	-8.54522056	157.6	202.3	1.25	11	10
40	14640	1479201820	364	1479201828	41.23301626	-8.54523144	157.2	204	1.75	11	10
41	14640	1479201821	365	1479201829	41.23300245	-8.54523915	157.7	202.7	1.75	11	10
42	14640	1479201822	364	1479201830	41.23299081	-8.54524342	158.2	202.6	1.75	11	10
43	14640	1479201823	366	1479201831	41.23297903	-8.54524795	158.4	202.3	1.5	11	9
44	14640	1479201824	365	1479201832	41.23297089	-8.54525176	159.2	202.8	1.25	11	10
45	14640	1479201825	373	1479201833	41.23296979	-8.54525237	158.6	202.8	0.5	11	10
46	14640	1479201826	366	1479201834	41.23296922	-8.54525295	159.6	202.8	0.5	10	10
47	14640	1479201827	395	1479201835	41.23297038	-8.54525324	161.7	202.8	0.5	10	9
48	14640	1479201828	364	1479201836	41.23297828	-8.54524802	163			10	9
49	14640	1479201829	368	1479201837	41.23298517	-8.54524713	164.5			10	9
50	14640	1479201830	384	1479201838	41.23298668	-8.54524638	163.4			4	9
51	14640	1479201831	377	1479201839	41.23298862	-8.54524743	163.7			4	9
52	14640	1479201832	370	1479201840	41.23298902	-8.54525082	163.7			4	9
53	14640	1479201833	374	1479201841	41.23298751	-8.54525276	163.8	202.8	0.25	5	9
54	14640	1479201834	366	1479201842	41.23297917	-8.54525833	163.3	202.8	0.5	5	9
55	14640	1479201835	370	1479201843	41.23296718	-8.5452654	164.7	201.9	1	4	9
56	14640	1479201836	364	1479201844	41.23294424	-8.54527836	165.7	202.3	2	3	9
57	14640	1479201837	365	1479201845	41.23292085	-8.54529075	166.5	202.8	2	4	9
58	14640	1479201838	378	1479201846	41.23289972	-8.54530108	166.2	203.2	2	4	9
59	14640	1479201839	382	1479201847	41.23288209	-8.54530945	166.7	203.3	2	4	9
60	14640	1479201840	373	1479201848	41.23286746	-8.54531708	166.6	203.8	1.75	3	9
61	14640	1479201841	380	1479201849	41.23286687	-8.54531705	166.8			3	9
62	14640	1479201842	367	1479201850	41.23286635	-8.54531713	166.9			3	9
63	14640	1479201843	376	1479201851	41.23286596	-8.54531744	167			3	9
64	14640	1479201844	376	1479201852	41.23286535	-8.5453189	167.3			3	9
65	14640	1479201845	382	1479201853	41.23286495	-8.54531957	167.3			3	9
66	14640	1479201846	368	1479201854	41.23286431	-8.54532058	167.3			3	9
67	14640	1479201847	397	1479201855	41.23286399	-8.54532138	167.5			3	9
68	14640	1479201848	538	1479201856	41.23286379	-8.54532151	167.4			3	9
69	14640	1479201849	388	1479201857	41.2328639	-8.5453219	167.5			3.9	-1
70	14640	1479201850	527	1479201858	41.23286173	-8.54532336	167.6	203.8	0.25	3	9
71	14640	1479201851	451	1479201859	41.23285524	-8.5453268	166.6	203.8	0.75	3	9
72	14640	1479201852	462	1479201860	41.23284706	-8.54533171	166.2	203	1	4	9
73	14640	1479201853	567	1479201861	41.23283615	-8.54533812	166	204	1.25	4	10
74	14640	1479201854	410	1479201862	41.2328387	-8.5453324	165.2			3	-1
75	14640	1479201855	551	1479201863	41.2328401	-8.54532885	165.2			3	9
76	14640	1479201856	382	1479201864	41.2328411	-8.5453261	165.5			3	-1
77	14640	1479201857	558	1479201865	41.23284267	-8.5453227	165.9			3	9
78	14640	1479201858	414	1479201866	41.2328435	-8.5453207	166			3	-1
79	14640	1479201859	543	1479201867	41.23284329	-8.54531966	165.6			3	10
80	14640	1479201860	560	1479201868	41.23284172	-8.5453193	165.4			3	10
81	14640	1479201861	471	1479201869	41.2328398	-8.5453188	165.1			3.9	-1
82	14640	1479201862	621	1479201870	41.23283846	-8.54531875	165			3	10
83	14640	1479201863	404	1479201871	41.2328382	-8.5453185	164.8			3	-1
84	14640	1479201864	598	1479201872	41.23283775	-8.54531823	164.8			3	10
85	14640	1479201865	410	1479201873	41.2328376	-8.545318	164.8			3	-1
86	14640	1479201866	525	1479201874	41.23283741	-8.54531795	164.9			3	10
87	14640	1479201867	525	1479201875	41.23283729	-8.54531797	164.9			3	9
88	14640	1479201868	486	1479201876	41.23283722	-8.54531799	164.9			3	9
89	14640	1479201869	564	1479201877	41.23283718	-8.54531799	164.9			3	9
90	14640	1479201870	375	1479201878	41.2328372	-8.545318	164.9			3	-1
91	14640	1479201871	590	1479201879	41.23283714	-8.545318	164.9			3	9
92	14640	1479201872	393	1479201880	41.2328371	-8.545318	164.9			3	-1
93	14640	1479201873	575	1479201881	41.23283713	-8.54531802	164.9			3	9
94	14640	1479201874	402	1479201882	41.2328366	-8.5453183	164.9			4	-1
95	14640	1479201875	500	1479201883	41.23283374	-8.54532009	165.1	204	0.25	4	10
96	14640	1479201876	505	1479201884	41.23282372	-8.54532729	164.9	204.3	0.75	3	10
97	14640	1479201877	450	1479201885	41.23279939	-8.54534462	165.1	206.7	2.25	3	10
98	14640	1479201878	546	1479201886	41.232776	-8.54536195	165.9	208.3	2.5	3	10
99	14640	1479201879	389	1479201887	41.2327546	-8.5453776	166.5	208	2.5	3.9	-1
100	14640	1479201880	538	1479201888	41.23273484	-8.54539144	166.4	207.2	2.25	3	10
101	14640	1479201881	388	1479201889	41.2327179	-8.545403	166.5	207	2	4	-1
102	14640	1479201882	395	1479201890	41.2327218	-8.54540087	166.6			3	9
103	14640	1479201883	370	1479201891	41.2327229	-8.54540071	166.5			3	9
104	14640	1479201884	369	1479201892	41.23272301	-8.54540137	166.6			4	9
105	14640	1479201885	369	1479201893	41.23272267	-8.54540201	166.8			4	9
106	14640	1479201886	376	1479201894	41.23272262	-8.54540246	166.9			4	10
107	14640	1479201887	369	1479201895	41.23272225	-8.5454027	166.8			5	10
108	14640	1479201888	370	1479201896	41.23272211	-8.54540238	166.9			5	9
109	14640	1479201889	387	1479201897	41.23271826	-8.54540481	166.9	207	0.5	4	9
110	14640	1479201890	374	1479201898	41.2327102	-8.54540977	167.2	208.9	1	4	9
111	14640	1479201891	369	1479201899	41.23270197	-8.54541487	167.4	206.8	1	4	9
112	14640	1479201892	374	1479201900	41.23269562	-8.54541867	167.3	206.9	0.75	3	9
113	14640	1479201893	369	1479201901	41.23269909	-8.5454153	167.2			3	9
114	14640	1479201894	369	1479201902	41.23270024	-8.54541395	167.2			3	9
115	14640	1479201895	383	1479201903	41.23269708	-8.54541527	167.2	206.9	0.5	3	9
116	14640	1479201896	370	1479201904	41.23268829	-8.54541626	167.6	185.4	0.75	4	10
117	14640	1479201897	377	1479201905	41.23267606	-8.54541598	167.3	179.6	1	4	10
118	14640	1479201898	373	1479201906	41.23265982	-8.54541318	167.6	174	1.5	4	10
119	14640	1479201899	375	1479201907	41.23264499	-8.54541017	167.7	170.3	1.5	4	10
120	14640	1479201900	380	1479201908	41.23263436	-8.54540607	167.6	165.1	1.25	4	10
121	14640	1479201901	431	1479201909	41.23262812	-8.54540062	167.1	156.6	1	4	10
122	14640	1479201902	375	1479201910	41.23262674	-8.54539874	166.9	156.6	0.5	4	10
123	14640	1479201903	371	1479201911	41.23261675	-8.54539199	166.5	151.2	1	4	10
124	14640	1479201904	369	1479201912	41.2326041	-8.54538245	166.5	152.9	1.25	4	10
125	14640	1479201905	378	1479201913	41.2325871	-8.54534747	166.7	132.3	2.25	4	10
126	14640	1479201906	371	1479201914	41.23256217	-8.54519681	166.4	104.1	6.25	4	10
127	14640	1479201907	463	1479201915	41.23254346	-8.54509257	166.8	101.3	8	4	10
128	14640	1479201908	370	1479201916	41.23253053	-8.54498442	167.1	99.6	9.25	4	10
129	14640	1479201909	376	1479201917	41.23252121	-8.54487745	167.3	97.6	9	4	10
130	14640	1479201910	378	1479201918	41.23251461	-8.54478406	167	96	8.75	4	10
131	14640	1479201911	379	1479201919	41.23250548	-8.54469806	166.9	99.7	8	4	10
132	14640	1479201912	371	1479201920	41.23246792	-8.5446355	167.6	117.4	7.25	4	10
133	14640	1479201913	377	1479201921	41.23242022	-8.54459359	167.4	139.4	6.5	4	10
134	14640	1479201914	371	1479201922	41.232374	-8.54454608	166.4	146.6	6.75	5	10
135	14640	1479201915	370	1479201923	41.23232159	-8.54453232	166.4	158.5	6.75	5	10
136	14640	1479201916	371	1479201924	41.23226812	-8.54464708	165.2	210.8	7.5	3	10
137	14640	1479201917	371	1479201925	41.23221971	-8.54471785	166.1	229	7.5	4	10
138	14640	1479201918	375	1479201926	41.23217611	-8.54481754	166.2	236.5	9.25	4	10
139	14640	1479201919	463	1479201927	41.23212653	-8.54491578	166.5	236.6	10.25	4	10
140	14640	1479201920	395	1479201928	41.23207605	-8.54503134	166.8	236.9	11	4	10
141	14640	1479201921	531	1479201929	41.23201067	-8.54515856	166.9	236.9	12.25	4	10
142	14640	1479201922	454	1479201930	41.2319473	-8.545291	166.4	237	13	4	-1
143	14640	1479201923	527	1479201931	41.231878	-8.545431	166.7	236.5	13.25	4	10
144	14640	1479201924	563	1479201932	41.23181363	-8.54556437	166.3	236.6	13.25	4	10
145	14640	1479201925	490	1479201933	41.2317481	-8.5457028	167.6	237	13.25	4	-1
146	14640	1479201926	595	1479201934	41.23168756	-8.54582908	167	237.9	13.25	4	10
147	14640	1479201927	383	1479201935	41.2316223	-8.5459601	167	236	13.25	4	-1
148	14640	1479201928	559	1479201936	41.23155142	-8.54607658	167.5	232	13	4	10
149	14640	1479201929	404	1479201937	41.2314606	-8.5461943	167.7	223	13.25	4	-1
150	14640	1479201930	560	1479201938	41.23136596	-8.54629532	168.1	220.1	13.25	4	10
151	14640	1479201931	509	1479201939	41.23126505	-8.54640896	168.2	221.3	13.5	4	9
152	14640	1479201932	487	1479201940	41.23117679	-8.54651973	168.1	223.9	13.5	4	9
153	14640	1479201933	511	1479201941	41.23109062	-8.54663686	167.2	226.8	13.75	4	10
154	14640	1479201934	455	1479201942	41.2310032	-8.5467755	167	228	14.5	4	-1
155	14640	1479201935	552	1479201943	41.23091469	-8.54690729	167.4	228.9	14.5	4	10
156	14640	1479201936	402	1479201944	41.2308236	-8.5470331	167.9	226	14.75	4	-1
157	14640	1479201937	603	1479201945	41.23074117	-8.54716119	168.4	227.9	14.5	5	10
158	14640	1479201938	406	1479201946	41.2306527	-8.5472748	167.9	227	14.25	5	-1
159	14640	1479201939	494	1479201947	41.23056805	-8.54741194	168.3	227.8	14.25	5	10
160	14640	1479201940	589	1479201948	41.23048442	-8.54754187	168.3	228.2	14.25	6	10
161	14640	1479201941	439	1479201949	41.2304024	-8.5476598	168.2	227	14	7	-1
162	14640	1479201942	565	1479201950	41.23032649	-8.54778749	168.5	228.3	14	7	10
163	14640	1479201943	380	1479201951	41.2302347	-8.5479807	168.7	230	14.75	6	-1
164	14640	1479201944	372	1479201952	41.23016767	-8.54808489	168.9	229.9	13.75	5	10
165	14640	1479201945	374	1479201953	41.23009246	-8.54820092	168.9	230.7	13.75	6	10
166	14640	1479201946	375	1479201954	41.23004366	-8.54830115	168.6	230.4	12	5	10
167	14640	1479201947	409	1479201955	41.22997516	-8.54841097	168.2	230.4	12	8	10
168	14640	1479201948	414	1479201956	41.22989903	-8.54849227	169.8	230.9	11	7	10
169	14640	1479201949	389	1479201957	41.22982086	-8.5485884	169.6	229.2	11	8	10
170	14640	1479201950	549	1479201958	41.22974984	-8.54868465	169.8	227.1	11	8	10
171	14640	1479201951	407	1479201959	41.2296902	-8.5487612	169.7	226	10.5	7	-1
172	14640	1479201952	545	1479201960	41.22962971	-8.54886433	169.6	227	10.5	7	10
173	14640	1479201953	535	1479201961	41.22955456	-8.54879946	168.7	202.9	8.25	5	10
174	14640	1479201954	518	1479201962	41.22947674	-8.54879456	167.7	177.9	8.5	4	10
175	14640	1479201955	614	1479201963	41.22940564	-8.5487509	167.8	158.2	9.25	10	10
176	14640	1479201956	440	1479201964	41.229321	-8.5486851	167.9	146	10.25	10	-1
177	14640	1479201957	637	1479201965	41.22922992	-8.54858957	167.4	141.4	13	10	10
178	14640	1479201958	651	1479201966	41.2291326	-8.5484726	166.9	141	14.25	10	-1
179	14640	1479201959	382	1479201967	41.22903646	-8.54835919	166.1	141.9	14.75	10	10
180	14640	1479201960	374	1479201968	41.22892668	-8.54825834	167.4	142.4	14.75	10	10
181	14640	1479201961	438	1479201969	41.22882843	-8.5481244	166.8	136.6	15.25	11	10
182	14640	1479201962	375	1479201970	41.22867823	-8.54802438	165.9	145.1	16.25	11	10
183	14640	1479201963	375	1479201971	41.22855545	-8.54789571	165	143.3	16.5	11	10
184	14640	1479201964	374	1479201972	41.22845103	-8.54786607	164.6	148	15.25	12	10
185	14640	1479201965	374	1479201973	41.22831924	-8.54789738	163.1	157.7	15	11	10
186	14640	1479201966	374	1479201974	41.22817268	-8.54812549	162.6	190.9	15	10	10
187	14640	1479201967	554	1479201975	41.22803278	-8.5481815	161.6	193.9	15.25	9	10
188	14640	1479201968	412	1479201976	41.227885	-8.5482385	160.5	193	15.5	10	-1
189	14640	1479201969	514	1479201977	41.22774611	-8.54828259	160.7	192.4	15.5	9	10
190	14640	1479201970	522	1479201978	41.22761053	-8.54832763	160.7	192.6	15.25	10	10
191	14640	1479201971	449	1479201979	41.22747236	-8.54837128	159.3	192.9	15	9	10
192	14640	1479201972	571	1479201980	41.22733879	-8.54841984	158.6	192.3	14.75	9	10
193	14640	1479201973	423	1479201981	41.2272048	-8.5484604	157.7	192	14.5	9	-1
194	14640	1479201974	589	1479201982	41.22707993	-8.54850718	158	193	14.25	9	10
195	14640	1479201975	395	1479201983	41.2269589	-8.5485482	156.6	195	14.25	9	-1
196	14640	1479201976	549	1479201984	41.22683425	-8.54859817	156.7	195.3	14	9	9
197	14640	1479201977	482	1479201985	41.22671126	-8.54863726	156.6	194	14	9	9
198	14640	1479201978	488	1479201986	41.22659297	-8.54868417	155.1	193.9	14	9	10
199	14640	1479201979	554	1479201987	41.22646919	-8.54872786	154.7	193.6	14	10	10
200	14640	1479201980	441	1479201988	41.2263414	-8.5487651	155.2	193	14	10	-1
201	14640	1479201981	521	1479201989	41.22621763	-8.54880911	155.5	193.1	14	9	10
202	14640	1479201982	393	1479201990	41.2260958	-8.5488496	155.6	193	14	10	-1
203	14640	1479201983	527	1479201991	41.22597816	-8.54889861	155.2	195.2	13.75	10	10
204	14640	1479201984	411	1479201992	41.2258733	-8.5489314	155.3	195	13	9	-1
205	14640	1479201985	512	1479201993	41.22576498	-8.54896054	155.4	195.1	12.5	9	10
206	14640	1479201986	549	1479201994	41.22566963	-8.54900638	154.2	193.6	12	10	10
207	14640	1479201987	466	1479201995	41.22556728	-8.54902761	154.2	190.5	11.5	10	10
208	14640	1479201988	665	1479201996	41.22547361	-8.54902926	153.9	184.7	11	10	10
209	14640	1479201989	412	1479201997	41.2253769	-8.5489802	153.7	168	11	10	-1
210	14640	1479201990	568	1479201998	41.22528215	-8.54892546	153.9	159	11.5	10	10
211	14640	1479201991	464	1479201999	41.2251865	-8.5488622	153.9	156	11.75	10	-1
212	14640	1479201992	534	1479202000	41.22508846	-8.54880377	153.2	155.3	12	10	10
213	14640	1479201993	453	1479202001	41.22498252	-8.54875284	153.1	156	12	10	10
214	14640	1479201994	494	1479202002	41.22488176	-8.54871191	152.6	157.2	12	11	10
215	14640	1479201995	568	1479202003	41.22479194	-8.54864652	152.8	156.1	11.75	11	10
216	14640	1479201996	503	1479202004	41.2246728	-8.5485843	153.6	156	12.25	11	-1
217	14640	1479201997	609	1479202005	41.22456579	-8.54852216	153.6	156.7	12.25	11	10
218	14640	1479201998	391	1479202006	41.2244645	-8.5484379	152.9	154	12.25	11	-1
219	14640	1479201999	641	1479202007	41.22437361	-8.54837706	152.4	154.6	12	11	10
220	14640	1479202000	422	1479202008	41.2242817	-8.548314	152.7	154	12	11	-1
221	14640	1479202001	571	1479202009	41.22417571	-8.5482168	152.8	152.6	12.25	11	10
222	14640	1479202002	505	1479202010	41.22408226	-8.54816628	152.8	153.8	12	11	10
223	14640	1479202003	446	1479202011	41.22399147	-8.54812731	152.2	155.5	11.5	11	10
224	14640	1479202004	598	1479202012	41.22389424	-8.54807941	152.2	156.2	11.5	11	10
225	14640	1479202005	417	1479202013	41.2238322	-8.5480995	152.4	158	9.25	10	-1
226	14640	1479202006	625	1479202014	41.22376236	-8.54807696	152	157.4	8	10	10
227	14640	1479202007	541	1479202015	41.2237089	-8.5480517	152.4	159	6.5	10	-1
228	14640	1479202037	334	1479202044	41.22095473	-8.54665387	141.9	158.6	10.5	9	9
229	14640	1479202038	383	1479202046	41.22081988	-8.54658361	142	158.8	10.25	10	10
230	14640	1479202039	400	1479202047	41.2207397	-8.54653778	140.8	160.4	10	10	10
231	14640	1479202040	379	1479202048	41.22065643	-8.54651467	140.3	163.8	9.5	10	10
232	14640	1479202041	382	1479202049	41.22058417	-8.54647768	140.6	163.4	9	10	10
233	14640	1479202042	374	1479202050	41.22049991	-8.54645456	140.7	164.8	9.25	10	10
234	14640	1479202043	412	1479202051	41.22040795	-8.54642721	140.8	164.7	10	10	10
235	14640	1479202044	441	1479202052	41.22031929	-8.54638397	140.1	161.5	10.75	10	10
236	14640	1479202045	388	1479202053	41.22022282	-8.54635213	140.5	161.5	10.75	10	10
237	14640	1479202046	391	1479202054	41.2201232	-8.54630269	141.1	160.5	11.75	9	10
238	14640	1479202047	383	1479202055	41.2200168	-8.54626281	139.8	161.7	12.25	10	9
239	14640	1479202048	382	1479202056	41.21990635	-8.54622135	139	161.5	12.5	10	9
240	14640	1479202049	375	1479202057	41.21980674	-8.54617444	138.4	161.1	12.5	10	10
241	14640	1479202050	437	1479202058	41.21969807	-8.54611226	137.3	161.4	12.75	10	10
242	14640	1479202051	382	1479202059	41.21959905	-8.54606382	137.4	160.6	12.5	10	10
243	14640	1479202052	383	1479202060	41.21949644	-8.54601724	137.7	160.2	12.25	10	10
244	14640	1479202053	383	1479202061	41.21939847	-8.54597005	136.7	160.2	12	10	10
245	14640	1479202054	386	1479202062	41.21930515	-8.54592606	136.5	161.9	11.25	10	10
246	14640	1479202055	383	1479202063	41.21921386	-8.545898	136.7	162.5	10.75	10	10
247	14640	1479202056	576	1479202064	41.21913786	-8.54586035	143.1	161.5	9.75	9	10
248	14640	1479202057	504	1479202065	41.2190609	-8.54581537	141.5	159	8.75	10	10
249	14640	1479202058	508	1479202066	41.21902377	-8.54582296	141.3	170.7	5.5	10	10
250	14640	1479202059	595	1479202067	41.21901453	-8.54580687	140.9	168.4	3.25	10	10
251	14640	1479202060	462	1479202068	41.2190413	-8.5458074	141.1	168	0.5	10	-1
252	14640	1479202061	587	1479202069	41.21904104	-8.54581228	141.3	168.4	0.25	10	10
253	14640	1479202062	410	1479202070	41.2190357	-8.5458158	142			10	-1
254	14640	1479202063	586	1479202071	41.2190233	-8.54580579	142.5	160.3	0.75	10	10
255	14640	1479202064	412	1479202072	41.2189958	-8.5457868	141.9	159	3	10	-1
256	14640	1479202065	546	1479202073	41.21894907	-8.5457754	142.3	159.6	4.25	10	10
257	14640	1479202066	581	1479202074	41.21890817	-8.54575234	142.7	161.7	4.75	10	10
258	14640	1479202067	473	1479202075	41.21885925	-8.54574608	143	165.8	5	10	10
259	14640	1479202068	640	1479202076	41.21880687	-8.5457389	143.8	169.3	5.25	10	10
260	14640	1479202069	424	1479202077	41.2187568	-8.545725	144	171	5.75	11	-1
261	14640	1479202070	634	1479202078	41.21868934	-8.54570802	144.1	170.4	6.25	11	10
262	14640	1479202071	450	1479202079	41.2186402	-8.5456805	143.4	162	6	11	-1
263	14640	1479202072	568	1479202080	41.21856151	-8.54557084	143.6	142.6	8	9	10
264	14640	1479202073	546	1479202081	41.21850308	-8.54553462	143.3	152.9	8.25	10	10
265	14640	1479202074	523	1479202082	41.21841087	-8.5454724	142.9	156.5	9.5	10	10
266	14640	1479202075	592	1479202083	41.21833233	-8.54541688	144	157.1	10.5	10	10
267	14640	1479202076	461	1479202084	41.2182375	-8.5453772	143.4	156	10.75	10	-1
268	14640	1479202077	626	1479202085	41.21815534	-8.54530938	144.1	153.4	10.75	10	10
269	14640	1479202078	416	1479202086	41.2180525	-8.545236	144.4	150	11.75	10	-1
270	14640	1479202079	562	1479202087	41.21794367	-8.54514684	146.3	149	12.75	10	9
271	14640	1479202080	426	1479202088	41.2178412	-8.545073	146.7	148	13	10	-1
272	14640	1479202081	545	1479202089	41.21773321	-8.54498764	148.2	148.5	13.75	10	9
273	14640	1479202082	511	1479202090	41.2176259	-8.54488427	150.5	146.9	14.5	9	9
274	14640	1479202083	449	1479202091	41.217518	-8.544785	151.7	147.8	15	10	9
275	14640	1479202084	594	1479202092	41.21739994	-8.54469406	151.8	148	15.5	10	9
276	14640	1479202085	408	1479202093	41.21727335	-8.54459482	152.5	148.4	15.5	10	8
277	14640	1479202086	378	1479202094	41.21717196	-8.544501	153	147.1	14.75	10	9
278	14640	1479202087	386	1479202095	41.21705518	-8.54440012	152.6	146.4	14.75	10	9
279	14640	1479202088	396	1479202096	41.21695088	-8.54430665	153.8	147.4	14.25	10	9
280	14640	1479202089	386	1479202097	41.21684089	-8.54421915	154.6	148.8	14	10	10
281	14640	1479202090	387	1479202098	41.21673735	-8.54413224	155.5	148.9	13.5	10	10
282	14640	1479202091	413	1479202099	41.2166336	-8.54404923	156	148.9	13.5	12	10
283	14640	1479202092	512	1479202100	41.21655315	-8.54398303	157.4	149.1	11.75	10	9
284	14640	1479202093	478	1479202101	41.21647404	-8.54392592	157.5	150.1	10.75	10	9
285	14640	1479202094	597	1479202102	41.21638922	-8.54389335	157.2	158.6	10.25	10	10
286	14640	1479202095	432	1479202103	41.2163026	-8.5438607	157.3	160	10.5	10	-1
287	14640	1479202096	610	1479202104	41.21621309	-8.54385605	157.1	166.9	9.75	11	10
288	14640	1479202097	441	1479202105	41.2161512	-8.5439292	157.7	197	7.75	10	-1
289	14640	1479202098	544	1479202106	41.21611189	-8.54395966	159.1	205.6	5.75	9	10
290	14640	1479202099	439	1479202107	41.216078	-8.5439838	160.8	211	4.25	9	-1
291	14640	1479202100	397	1479202108	41.21605456	-8.54400921	160.9	214.8	3.75	10	10
292	14640	1479202101	387	1479202109	41.21602339	-8.54404296	160.9	215.9	4	10	10
293	14640	1479202102	397	1479202110	41.21599037	-8.54407565	160.8	211.5	4.25	10	10
294	14640	1479202103	426	1479202111	41.21595794	-8.54410195	160.8	211.5	4.25	12	10
295	14640	1479202104	447	1479202112	41.21591176	-8.54417402	163.1	219.4	6	10	10
296	14640	1479202105	575	1479202113	41.21585415	-8.54425615	162.9	222.8	7	10	10
297	14640	1479202106	392	1479202114	41.2158051	-8.5443356	163.2	224	7.75	10	-1
298	14640	1479202107	387	1479202115	41.21575066	-8.54440317	164	225	8.25	10	10
299	14640	1479202108	417	1479202116	41.21569641	-8.54447969	164.3	225.1	9	10	10
300	14640	1479202109	510	1479202117	41.21563649	-8.54457487	165.4	227.3	10	9	10
301	14640	1479202110	387	1479202118	41.21557571	-8.54466194	165.5	227.3	10	10	10
302	14640	1479202111	388	1479202119	41.21551482	-8.54474936	165.5	227.3	10	11	10
303	14640	1479202121	383	1479202129	41.21479429	-8.54570833	165.2	217.5	11.75	17	10
304	14640	1479202122	425	1479202130	41.21465699	-8.54579036	167.9	203.8	12.5	7	10
305	14640	1479202123	389	1479202131	41.21455419	-8.54586176	169.8	194.6	12.5	5	9
306	14640	1479202124	389	1479202132	41.21442567	-8.54587873	171.8	187.7	13	6	9
307	14640	1479202125	394	1479202133	41.21431136	-8.54587908	171.9	184.5	13	5	9
308	14640	1479202126	411	1479202134	41.21418913	-8.54589386	172.4	184.4	13	6	9
309	14640	1479202127	404	1479202135	41.21406813	-8.54590258	172.7	184	13.25	7	9
310	14640	1479202128	389	1479202136	41.21396743	-8.54594431	173.1	189.2	12.75	6	9
311	14640	1479202129	390	1479202137	41.21386008	-8.54602269	174.6	200.7	13.25	5	9
312	14640	1479202130	389	1479202138	41.21373378	-8.54609273	174.4	206.1	13.5	5	9
313	14640	1479202131	389	1479202139	41.2136355	-8.54616879	175.6	212.9	12.25	5	9
314	14640	1479202132	389	1479202140	41.21354116	-8.54625735	175.8	216.8	12	5	9
315	14640	1479202133	392	1479202141	41.21344915	-8.54633405	176.8	219.1	12	5	9
316	14640	1479202134	393	1479202142	41.21337185	-8.54643739	176.3	223.3	12.25	4	9
317	14640	1479202135	519	1479202143	41.2132889	-8.54654133	176.3	224	12.75	4	9
318	14640	1479202136	389	1479202144	41.21320441	-8.54664445	177.4	222	13	4	9
319	14640	1479202137	389	1479202145	41.21310132	-8.54675426	178.5	217.8	13	4	9
320	14640	1479202138	404	1479202146	41.21300108	-8.54681903	178.5	213.3	13.25	4	10
321	14640	1479202139	421	1479202147	41.21289732	-8.54689417	179.6	209	13.25	4	10
322	14640	1479202140	404	1479202148	41.21278934	-8.54695994	179.2	204.9	13.25	4	10
323	14640	1479202141	400	1479202149	41.21268494	-8.54702144	179.2	201.3	12.75	3	10
324	14640	1479202142	390	1479202150	41.21257677	-8.54706234	178.4	198.8	12.5	3	10
325	14640	1479202143	433	1479202151	41.21247542	-8.54710115	179	198.3	12.25	4	10
326	14640	1479202144	420	1479202152	41.212371	-8.54714641	179.4	199.1	12	4	10
327	14640	1479202145	538	1479202153	41.21227341	-8.54718954	179.8	198.9	11.5	4	10
328	14640	1479202146	567	1479202154	41.21218006	-8.54722908	179.7	197.7	11	4	10
329	14640	1479202147	500	1479202155	41.21209426	-8.54727132	179	198.8	10.5	4	10
330	14640	1479202148	593	1479202156	41.21201589	-8.54730739	178.6	199.9	9.75	4	10
331	14640	1479202149	421	1479202157	41.2119396	-8.5473437	178.6	200	8.75	4	-1
332	14640	1479202150	595	1479202158	41.21186534	-8.54738439	178.9	201.9	8	4	10
333	14640	1479202151	446	1479202159	41.2118085	-8.5474135	179.2	202	7.25	4	-1
334	14640	1479202152	585	1479202160	41.21177391	-8.54743896	179.1	206.9	5.75	4	10
335	14640	1479202153	487	1479202161	41.21175383	-8.54745804	179.1	212.5	4.5	4	10
336	14640	1479202154	495	1479202162	41.21172786	-8.5474918	178.6	221.8	4	4	10
337	14640	1479202155	554	1479202163	41.21170248	-8.54754573	179.2	234.4	5	4	10
338	14640	1479202156	440	1479202164	41.2116723	-8.54761	178.7	237	6	4	-1
339	14640	1479202157	600	1479202165	41.21162242	-8.54766966	177.9	225.2	7	3	10
340	14640	1479202158	406	1479202166	41.2115696	-8.5477118	177.8	213	7.25	4	-1
341	14640	1479202159	558	1479202167	41.21151544	-8.54771975	178.4	198.2	7.25	4	10
342	14640	1479202160	431	1479202168	41.2114488	-8.5477472	178.3	197	7.75	4	-1
343	14640	1479202161	521	1479202169	41.21138269	-8.54778782	178	204.6	8.25	4	10
344	14640	1479202162	589	1479202170	41.21132013	-8.54785329	178.9	211	8.5	4	10
345	14640	1479202163	494	1479202171	41.21124781	-8.54791261	178.8	213.1	8.75	4	10
346	14640	1479202164	596	1479202172	41.21117891	-8.54795524	178.2	206.1	9	4	10
347	14640	1479202165	432	1479202173	41.2110977	-8.5479813	178.6	195	9	4	-1
348	14640	1479202166	586	1479202174	41.21102413	-8.54800837	178.2	194.9	8.75	5	10
349	14640	1479202167	455	1479202175	41.2109502	-8.5480216	178.4	192	8.75	5	-1
350	14640	1479202168	583	1479202176	41.2108702	-8.5480465	178	192.5	8.75	6	10
351	14640	1479202169	463	1479202177	41.21082585	-8.54803093	178.2	183.9	7.25	6	10
352	14640	1479202170	486	1479202178	41.21074562	-8.54805332	178	184.8	7.25	8	10
353	14640	1479202171	538	1479202179	41.21068313	-8.54807619	177.8	186.4	7	9	10
354	14640	1479202172	452	1479202180	41.21059762	-8.5480628	178.3	182.3	7.25	10	10
355	14640	1479202173	558	1479202181	41.21063435	-8.54818414	177.3	232	4.25	6	10
356	14640	1479202174	419	1479202182	41.2106021	-8.5482286	176.9	234	4.5	7	-1
357	14640	1479202175	563	1479202183	41.21057797	-8.5482657	176.5	240.1	4.75	7	10
358	14640	1479202176	415	1479202184	41.2105208	-8.5484044	176.8	247	8.25	6	-1
359	14640	1479202177	549	1479202185	41.21049292	-8.54848031	176.5	246.3	9	6	10
360	14640	1479202178	573	1479202186	41.21046048	-8.54855619	177.4	243.2	9	6	10
361	14640	1479202179	478	1479202187	41.2104324	-8.54861755	177.1	237.4	8.75	5	10
362	14640	1479202180	663	1479202188	41.21038192	-8.54872225	177	236.6	9.75	11	10
363	14640	1479202181	415	1479202189	41.2103333	-8.5488264	177.3	236	10.5	11	-1
364	14640	1479202182	633	1479202190	41.21029291	-8.54894355	177.8	238.9	10.75	10	10
365	14640	1479202183	430	1479202191	41.2102418	-8.5490491	177.7	240	10.75	11	-1
366	14640	1479202184	411	1479202192	41.2102117	-8.54916276	178.2	246.5	10.75	11	10
367	14640	1479202185	403	1479202193	41.21020911	-8.54927721	178.4	253.1	10.25	11	10
368	14640	1479202186	513	1479202194	41.21022126	-8.54939031	178.8	259.7	9.75	11	10
369	14640	1479202187	646	1479202195	41.21026944	-8.54954657	178.2	273.2	10.75	11	10
370	14640	1479202188	451	1479202196	41.2102807	-8.5496809	178.4	271	11	11	-1
371	14640	1479202189	641	1479202197	41.21027149	-8.54984083	178.5	269	11.25	11	10
372	14640	1479202190	417	1479202198	41.2102564	-8.549911	177.9	265	10	11	-1
373	14640	1479202191	403	1479202199	41.21017455	-8.54998486	178.6	241.8	10.25	10	10
374	14640	1479202192	456	1479202200	41.21013286	-8.55007639	178.4	236.4	8.75	10	10
375	14640	1479202193	421	1479202201	41.21009281	-8.55014948	179.1	239.9	7	10	10
376	14640	1479202194	407	1479202202	41.21005882	-8.55023229	179.5	235.8	6.75	10	10
377	14640	1479202195	397	1479202203	41.21000977	-8.55026809	180.1	228.4	6.5	11	10
378	14640	1479202196	396	1479202204	41.21001249	-8.55028233	179.7	227.5	3.25	10	10
379	14640	1479202197	398	1479202205	41.20999278	-8.55031096	179.6	217.8	3	10	10
380	14640	1479202198	406	1479202206	41.20995473	-8.55033658	180.1	205.6	3.5	11	10
381	14640	1479202199	394	1479202207	41.20991	-8.55035441	180.1	203	4	11	10
382	14640	1479202200	396	1479202208	41.20986552	-8.55035345	180	189.7	4.5	11	10
383	14640	1479202201	406	1479202209	41.20979721	-8.55033659	179.8	180.2	5.5	11	10
384	14640	1479202202	421	1479202210	41.20974157	-8.55033607	179	177.3	5.75	12	10
385	14640	1479202203	397	1479202211	41.20969678	-8.55029338	179.4	169.1	6	12	10
386	14640	1479202204	404	1479202212	41.20966176	-8.55027268	179.6	166.9	5.75	12	10
387	14640	1479202205	395	1479202213	41.20961335	-8.55026129	179.1	167	5.75	12	10
388	14640	1479202206	405	1479202214	41.20955657	-8.55023262	178.5	166.1	6	12	10
389	14640	1479202207	401	1479202215	41.20950364	-8.55021974	178.6	195	5.75	11	10
390	14640	1479202208	542	1479202216	41.20945224	-8.55027664	178.2	217.1	6.5	10	10
391	14640	1479202209	405	1479202217	41.20940873	-8.55032376	178.3	220.5	6.75	11	10
392	14640	1479202210	395	1479202218	41.20936092	-8.5503854	178.1	223.7	7	11	10
393	14640	1479202211	430	1479202219	41.20931856	-8.55045293	177.7	227.9	7.25	11	10
394	14640	1479202212	396	1479202220	41.20932056	-8.55063522	178.3	252.8	10.25	10	10
395	14640	1479202213	420	1479202221	41.20930717	-8.55073655	177.7	257.1	9.75	10	10
396	14640	1479202214	397	1479202222	41.20930504	-8.55084208	178.1	258.5	9.75	10	10
397	14640	1479202215	397	1479202223	41.20928942	-8.55098761	178	260.1	10	11	10
398	14640	1479202216	397	1479202224	41.20929686	-8.55108372	177.9	266	9.25	11	10
399	14640	1479202217	421	1479202225	41.20930846	-8.55118304	177.7	274	8.75	11	10
400	14640	1479202218	417	1479202226	41.2092875	-8.55127009	177.5	270	8.25	11	10
401	14640	1479202219	463	1479202227	41.20929552	-8.55133129	178.4	271.8	6.75	11	10
402	14640	1479202220	402	1479202228	41.20931324	-8.55122601	178.6	305.5	1.5	10	10
403	14640	1479202221	537	1479202229	41.20932631	-8.55123503	178.5	330.8	2	10	10
404	14640	1479202222	406	1479202230	41.20934602	-8.5512398	179.5	351.1	2.5	10	10
405	14640	1479202223	395	1479202231	41.20939626	-8.5512338	180.2	1.3	4.5	10	10
406	14640	1479202224	400	1479202232	41.20947326	-8.55125332	180.4	3.5	5.75	10	10
407	14640	1479202225	398	1479202233	41.20954259	-8.55124174	181	3.6	6.5	10	10
408	14640	1479202226	397	1479202234	41.20960785	-8.55125795	180.6	359.6	7.5	10	9
409	14640	1479202227	396	1479202235	41.20969394	-8.55127734	180.6	356.4	8.75	10	9
410	14640	1479202228	399	1479202236	41.2097749	-8.55128462	180.7	355.7	8.75	10	9
411	14640	1479202229	422	1479202237	41.20987699	-8.55130679	180.9	354.2	10	10	9
412	14640	1479202230	399	1479202238	41.2099692	-8.55131892	181.1	354.8	10.25	10	9
413	14640	1479202231	407	1479202239	41.21005851	-8.5513325	181.2	354	10.5	10	9
414	14640	1479202232	412	1479202240	41.21015183	-8.55133453	181.5	354.2	10.5	11	9
415	14640	1479202233	600	1479202241	41.21023864	-8.55134999	181.4	353.8	10.25	11	10
416	14640	1479202234	457	1479202242	41.2103434	-8.5513798	181.5	352	10.75	11	-1
417	14640	1479202235	401	1479202243	41.21044817	-8.55141175	181.5	351.3	11	12	10
418	14640	1479202236	535	1479202244	41.21054124	-8.55146083	181.4	348	11	12	10
419	14640	1479202237	480	1479202245	41.21065982	-8.55149413	181.7	346.6	11.75	12	10
420	14640	1479202238	596	1479202246	41.21074644	-8.55154978	180.4	341.3	11	10	10
421	14640	1479202239	453	1479202247	41.2108204	-8.551612	180.2	343	10.75	10	-1
422	14640	1479202240	597	1479202248	41.21092144	-8.55163993	179.7	343.9	10.5	10	10
423	14640	1479202241	431	1479202249	41.211007	-8.5516872	179.6	344	10.25	10	-1
424	14640	1479202242	586	1479202250	41.21111547	-8.55173426	179.5	344.1	10.5	11	10
425	14640	1479202243	405	1479202251	41.2112124	-8.5517775	179.8	344	10.25	10	-1
426	14640	1479202244	407	1479202252	41.21130983	-8.55182801	178.2	340.8	10.5	10	10
427	14640	1479202245	420	1479202253	41.21141102	-8.55188368	178.9	336.7	11.75	10	10
428	14640	1479202246	403	1479202254	41.21152021	-8.55193484	178.7	335.9	11.75	11	10
429	14640	1479202247	426	1479202255	41.21160098	-8.55197468	178.7	337.7	11.25	11	10
430	14640	1479202248	429	1479202256	41.21169482	-8.55202569	179	337.7	11.25	15	10
431	14640	1479202249	438	1479202257	41.21169399	-8.55209747	177.4	328.3	8.75	10	10
432	14640	1479202250	598	1479202258	41.21175254	-8.55214807	177.9	327.1	7.5	10	10
433	14640	1479202251	471	1479202259	41.2118061	-8.5521815	177.3	328	6.75	10	-1
434	14640	1479202252	606	1479202260	41.21183841	-8.55220241	178.2	325.7	5	9	10
435	14640	1479202253	465	1479202261	41.2118659	-8.5522322	179.1	307	4.5	9	-1
436	14640	1479202254	534	1479202262	41.21187732	-8.55227872	178.6	293	4	10	10
437	14640	1479202255	610	1479202263	41.21187113	-8.55231694	178.6	265.1	3.75	10	10
438	14640	1479202256	468	1479202264	41.2118399	-8.552413	178.3	249	6.25	10	-1
439	14640	1479202257	574	1479202265	41.21178685	-8.55250594	179	237.9	8.5	9	10
440	14640	1479202258	421	1479202266	41.2117424	-8.5526052	178.8	238	8.75	9	-1
441	14640	1479202259	617	1479202267	41.21169601	-8.55269915	178.9	238.4	9.25	9	10
442	14640	1479202260	471	1479202268	41.2116561	-8.5527883	180.2	237	9	9	-1
443	14640	1479202261	552	1479202269	41.2116069	-8.55288539	178.8	240.6	9	9	10
444	14640	1479202262	564	1479202270	41.21157144	-8.55296679	178.4	237.3	8.25	10	10
445	14640	1479202263	523	1479202271	41.21152368	-8.55305098	178.4	236.8	8.5	10	10
446	14640	1479202264	674	1479202272	41.21147297	-8.55313167	178	234.2	8.5	11	10
447	14640	1479202265	426	1479202273	41.2114185	-8.5532122	178.2	232	8.5	11	-1
448	14640	1479202266	649	1479202274	41.21143304	-8.55329354	176.8	242.6	7.25	10	10
449	14640	1479202267	459	1479202275	41.2113801	-8.5533489	176.6	233	7	10	-1
450	14640	1479202268	598	1479202276	41.21133954	-8.55340932	175.8	231.5	6.5	10	10
451	14640	1479202269	459	1479202277	41.2113002	-8.5534711	175.2	233	6.25	10	-1
452	14640	1479202270	519	1479202278	41.21125084	-8.55351461	174.6	221.2	6	10	10
453	14640	1479202271	557	1479202279	41.21118915	-8.55352605	174.1	199.8	5.25	10	10
454	14640	1479202272	455	1479202280	41.2111477	-8.55349899	173.9	168.4	5	10	10
455	14640	1479202273	592	1479202281	41.21111289	-8.55346712	173.5	146.2	5.5	9	10
456	14640	1479202274	415	1479202282	41.211073	-8.5534355	173.8	146	5.5	10	-1
457	14640	1479202275	609	1479202283	41.21102799	-8.55339981	173.5	145.7	5.25	10	10
458	14640	1479202276	426	1479202284	41.2110006	-8.5533679	173.6	143	4.25	10	-1
459	14640	1479202277	537	1479202285	41.21097397	-8.55333441	173.4	135.4	4	10	10
460	14640	1479202278	493	1479202286	41.21095076	-8.55330482	173.4	135.1	4	10	10
461	14640	1479202279	484	1479202287	41.21092274	-8.55329048	173.1	137.1	3.5	10	10
462	14640	1479202280	596	1479202288	41.21091398	-8.55327692	173.1	137.5	2	10	10
463	14640	1479202281	429	1479202289	41.2109169	-8.5532682	173.5	137	0.5	10	-1
464	14640	1479202282	520	1479202290	41.21092444	-8.55326578	174	137.5	0.25	10	10
465	14640	1479202283	461	1479202291	41.2109226	-8.5532755	174.9			10	-1
466	14640	1479202284	558	1479202292	41.21091415	-8.5532791	175.1			10	10
467	14640	1479202285	444	1479202293	41.210911	-8.5532772	175.2			9	-1
468	14640	1479202286	522	1479202294	41.21090894	-8.55327985	175.2			9	10
469	14640	1479202287	549	1479202295	41.21090935	-8.55327308	175.5			9	10
470	14640	1479202288	451	1479202296	41.21091128	-8.5532772	175.5	137.5	0.75	10	10
471	14640	1479202289	544	1479202297	41.21091394	-8.5532832	175.1	137.5	0.75	10	10
472	14640	1479202290	259	1479202290	41.2109139	-8.5532832				18.161	-1
473	14640	1479202291	573	1479202299	41.21092235	-8.55329127	175	137.5	0.75	11	10
474	14640	1479202292	438	1479202300	41.2109285	-8.5532938	175.5	137	0.75	11	-1
475	14640	1479202293	558	1479202301	41.21093573	-8.55329125	176	137.5	0.75	10	8
476	14640	1479202294	492	1479202302	41.21094212	-8.55328658	175.7	137.5	0.75	10	8
477	14640	1479202295	486	1479202303	41.21094705	-8.55328127	175	137.5	0.5	10	8
478	14640	1479202296	523	1479202304	41.21094307	-8.5532762	174.7			10	8
479	14640	1479202297	436	1479202305	41.2109416	-8.5532746	174.7			9	-1
480	14640	1479202298	535	1479202306	41.21094057	-8.55327625	174.6			9	7
481	14640	1479202299	452	1479202307	41.2109402	-8.5532775	174.7			9	-1
482	14640	1479202300	547	1479202308	41.21094025	-8.55327814	174.5			9	7
483	14640	1479202301	403	1479202309	41.2109407	-8.5532777	174.6			9	-1
484	14640	1479202302	460	1479202310	41.21094046	-8.55327804	174.8			9	7
485	14640	1479202303	407	1479202311	41.21093935	-8.55327911	174.7			9	7
486	14640	1479202304	405	1479202312	41.21093744	-8.55328215	174.9			9	7
487	14640	1479202305	406	1479202313	41.21093582	-8.55328352	174.8			9	7
488	14640	1479202306	401	1479202314	41.21093506	-8.55328467	174.7			9	7
489	14640	1479202307	404	1479202315	41.21093481	-8.553286	174.7			9	7
